-2.652
1.723
-2.027
2.348
-1.089
2.348
-0.777
2.348
-0.464
2.036
-2.027
1.411
-2.027
0.786
-2.652
2.973
-3.277
1.411
-2.027
1.098
-1.089
2.036
-2.964
2.348
-2.964
1.723
-1.402
2.348
-1.089
2.348
-1.714
1.723
-1.402
2.973
-2.027
1.723
-2.027
1.098
-2.027
0.786
-3.277
1.411
-2.964
0.473
-2.652
2.348
-1.089
4.536
-1.089
2.348
-0.777
3.598
-2.339
2.036
-2.027
1.098
-2.027
1.411
-2.652
0.473
-2.339
1.098
-1.714
1.723
-2.027
1.723
-1.402
2.036
-1.402
2.036
-0.152
2.036
-0.777
1.098
-0.777
1.411
-3.277
1.098
-2.027
1.098
-2.339
1.411
-2.964
1.723
-2.339
1.098
-2.027
1.723
-0.152
2.973
-1.089
1.723
-0.464
2.973
-2.339
2.036
-1.714
0.786
-2.339
1.098
-2.339
1.098
-3.277
0.786
-2.652
1.098
-1.402
2.036
-0.777
1.723
-0.152
2.036
-0.152
2.661
-2.027
1.411
-1.402
1.411
-1.714
2.036
-1.402
1.098
-1.714
0.473
-2.027
2.036
-3.277
2.661
-3.277
1.723
-0.464
1.723
-0.464
2.036
0.161
2.348
-2.027
2.036
-2.027
1.098
-2.652
1.723
-2.027
-0.152
-2.027
1.411
-1.714
1.411
-2.027
1.723
-1.089
2.348
-1.089
2.661
-0.152
2.036
-1.402
1.098
-1.402
1.411
-3.277
0.786
-2.964
0.473
-1.714
1.411
-2.027
2.661
-1.714
2.036
-3.277
2.036
-1.402
2.036
-2.027
1.723
-1.714
0.786
-1.402
1.411
-1.402
2.973
-2.652
1.098
-0.777
1.411
-2.339
1.098
-1.402
0.473
-2.339
0.786
-1.714
1.411
-1.089
2.348
-0.777
2.661
-0.464
2.348
-1.714
2.348
-2.027
0.786
-1.089
1.098
-2.339
0.473
-2.964
0.161
-2.027
1.723
-2.027
1.723
-1.089
2.036
-1.714
2.036
-1.402
1.723
-1.402
1.723
-2.339
1.723
-2.964
1.411
-2.339
0.161
-1.714
1.098
-2.652
1.723
-3.277
1.098
-2.027
1.411
-1.089
2.036
0.161
3.598
-1.089
2.348
-1.402
2.661
-2.339
2.036
-2.027
-0.152
-2.027
0.786
-1.714
0.786
-1.714
2.036
-1.089
2.973
-1.714
7.661
-2.652
-1.714
-10.464
17.036
-6.089
6.723
-5.152
4.848
-5.152
8.911
-9.527
4.223
-6.714
0.786
-8.902
8.286
-4.839
7.661
-9.214
3.911
-6.089
9.848
-4.839
7.348
-6.714
5.786
-5.777
10.786
-6.714
7.973
-12.027
6.098
-0.152
5.473
-7.652
5.161
-8.277
4.848
-4.527
10.473
-1.089
3.911
-11.402
9.536
-6.089
1.098
-7.339
14.223
-6.402
10.473
-5.464
2.348
-10.464
6.098
-6.089
8.598
-0.777
10.161
-17.652
16.723
-12.339
2.973
-4.527
5.161
-4.527
11.411
-8.902
4.848
-5.777
5.786
-5.152
6.723
-4.527
1.723
-12.339
7.036
-12.339
14.848
-10.152
10.786
-8.902
10.161
-10.464
4.848
-8.589
5.786
-6.402
8.911
-4.839
14.536
-13.902
12.661
-2.027
5.786
-12.027
4.848
-7.652
10.161
-7.339
9.848
-4.839
2.036
-11.402
4.223
-4.214
8.286
-5.464
11.098
-7.027
5.473
-3.277
7.348
-2.964
12.036
-12.652
7.973
-9.839
3.598
-11.402
5.473
-4.527
4.223
-2.652
4.536
-3.277
10.786
-12.964
4.536
-17.339
16.411
-0.464
14.848
-7.964
9.848
-7.339
2.036
-6.402
12.661
-4.839
6.098
-17.339
19.848
-22.339
16.098
-20.464
5.786
-10.777
15.473
-9.214
0.473
-12.652
15.161
-10.464
16.723
-1.402
0.161
-19.214
13.911
-3.902
7.661
-10.777
7.661
-27.027
26.098
-27.027
7.348
-17.027
9.848
-5.152
4.223
-12.652
12.661
0.161
0.161
-8.589
27.036
-10.152
2.348
-9.214
9.536
-7.964
21.098
-17.964
15.161
-17.652
9.536
-12.964
10.473
-12.339
9.848
1.723
3.598
-20.464
10.786
-4.214
8.598
-1.402
5.786
-11.089
17.036
-12.964
21.411
-21.714
8.598
-17.027
8.598
-16.402
12.036
-10.464
10.786
-5.464
8.911
-14.527
33.286
-15.464
35.786
-22.027
5.473
-5.777
20.786
-35.152
25.786
-6.402
1.098
-12.027
19.848
-9.527
11.723
-32.652
36.411
-18.902
21.411
-17.339
25.786
-12.027
25.786
-34.839
42.973
-37.339
14.848
-28.589
56.723
-25.152
56.723
-13.277
8.598
-28.589
10.473
-14.527
5.786
-10.777
10.161
-0.152
14.223
-29.527
41.098
-41.089
12.661
-27.027
62.661
-21.402
7.348
-32.339
26.411
-59.839
16.723
-8.589
30.786
-44.214
27.661
-44.214
44.536
-35.464
48.598
-41.089
50.161
-41.089
42.036
-27.652
17.036
-27.652
34.536
-25.464
16.411
-22.964
18.286
-34.527
20.786
-30.152
48.286
-16.714
52.973
-32.339
47.036
-37.964
47.036
-32.652
8.911
-37.964
29.848
-27.964
51.098
-17.964
12.348
-56.089
38.598
-68.902
39.223
12.661
25.161
-52.964
-7.652
-54.527
74.536
-10.464
72.661
-56.089
52.036
-60.777
52.036
-17.339
12.661
-66.402
56.411
-33.902
41.723
-32.027
17.973
-49.214
28.911
-39.839
37.348
14.848
30.473
-33.589
20.473
-27.652
18.911
-31.402
8.911
-42.652
34.848
-0.777
-0.152
-25.152
8.598
-8.277
16.098
-16.089
14.223
-18.589
42.036
-17.027
42.036
-28.277
8.286
-31.089
7.661
-21.714
37.661
7.661
17.661
-8.902
-5.464
-13.902
7.036
-20.464
31.411
7.036
38.286
-22.339
-8.589
-38.902
17.661
-8.589
30.786
-26.714
43.286
-26.714
0.161
-28.589
19.848
-19.839
21.723
-16.089
7.973
-17.027
30.786
-11.402
16.411
-46.402
-3.277
-26.402
11.723
-13.902
24.223
7.973
24.223
-52.339
12.661
-49.839
27.973
-2.339
27.036
1.411
7.973
-13.589
0.161
-15.464
17.036
-10.777
26.723
-16.402
35.161
1.098
1.098
-32.964
28.598
-15.152
27.661
-7.027
11.723
4.848
5.161
-11.089
-1.089
-16.402
17.036
-15.777
7.973
-5.152
1.723
-9.839
15.473
-5.152
-5.152
-22.339
17.348
-19.839
22.973
-17.652
-17.652
-28.277
21.411
-17.964
22.036
1.098
9.223
-18.277
18.286
-31.089
13.911
-31.089
35.161
13.911
24.848
-21.089
-3.277
-15.152
13.598
-17.339
13.598
-6.089
0.786
-21.402
29.223
0.786
4.223
-12.964
1.098
-20.152
27.661
-2.964
26.411
-5.777
4.223
-12.652
0.473
-9.214
12.036
-1.402
9.536
-19.527
7.973
-20.777
4.848
-7.339
11.098
0.786
4.848
-3.277
-1.402
-12.339
9.848
-6.089
8.598
-10.152
-0.777
-7.652
16.098
-0.777
9.223
-17.339
3.598
-5.777
13.598
-7.652
12.348
-1.402
7.973
-10.464
3.598
-8.902
2.973
-5.464
0.473
-5.464
3.598
-1.402
0.473
-11.714
11.723
-8.902
15.161
1.098
1.098
-6.402
-0.152
-5.464
1.411
-7.339
0.161
-7.339
7.661
-1.089
3.286
-2.652
15.161
-2.339
12.348
-16.714
8.911
-18.277
15.473
8.911
12.661
-14.527
8.286
-15.777
7.661
2.973
6.098
-7.027
5.786
-7.027
1.723
-5.464
2.348
-3.902
4.223
-4.527
-0.464
-7.339
3.286
-2.027
9.223
-2.964
8.286
-9.214
16.098
-9.214
18.598
-7.027
-3.277
-12.027
2.973
-3.277
1.098
-3.277
2.036
-2.652
5.473
-0.152
5.473
-0.464
12.348
-1.402
-1.402
-12.027
1.098
-8.902
5.161
-4.839
8.598
1.411
5.473
-2.964
-2.964
-9.214
13.598
-7.652
10.161
-6.402
-5.152
-14.839
1.723
-13.902
14.223
0.786
14.223
-6.089
-0.152
-11.089
9.848
-0.152
8.286
-6.402
-5.152
-9.839
9.536
-7.964
12.036
1.411
1.723
-4.527
3.286
-3.589
5.161
-7.027
5.473
-4.839
5.473
-3.589
-1.089
-5.464
1.723
-4.527
3.286
-2.652
3.598
-4.839
11.723
3.598
4.848
-12.339
11.411
-7.027
12.348
-6.089
-6.089
-10.152
0.786
-7.027
4.223
-2.027
2.661
-0.464
2.661
-8.589
9.223
-8.589
10.786
-0.152
-0.152
-6.089
-0.464
-4.214
4.848
-1.089
3.598
-0.152
1.723
-6.714
3.598
0.473
3.286
-1.089
2.036
-0.464
3.598
-0.152
0.786
-4.839
-1.089
-7.964
-1.402
-8.277
7.348
-1.402
3.286
-3.902
2.973
-3.902
4.848
-0.464
3.598
-3.277
0.786
-3.277
1.723
-3.277
3.598
-2.652
1.723
-1.714
4.848
1.411
2.973
-2.027
0.786
-2.964
2.348
-4.214
7.661
-0.152
3.911
-3.902
-1.714
-5.152
1.723
-3.277
0.473
-3.902
2.973
-2.652
2.661
-2.027
2.973
-0.152
2.348
-3.277
1.723
-3.277
0.161
-6.089
4.223
-3.589
4.536
-0.777
0.786
-5.777
6.098
-2.964
5.161
-2.027
-1.402
-7.027
8.911
-2.339
9.848
-0.152
0.473
-4.527
-1.089
-6.714
0.161
-6.714
5.786
-3.277
5.473
-3.902
1.411
-4.527
2.661
-2.339
1.723
-2.339
2.348
0.786
2.348
-1.402
4.223
-0.152
3.911
-3.902
2.036
-2.964
5.473
0.161
2.661
-6.089
3.286
-4.839
3.598
-2.027
-2.027
-6.089
4.848
-3.277
4.848
-0.464
1.411
-3.277
3.598
-0.152
2.036
-2.027
0.161
-2.964
2.036
-2.027
1.723
-2.339
3.911
0.161
4.223
-3.277
-3.277
-6.714
4.848
-3.902
4.848
-0.464
2.348
-2.339
2.348
-0.464
0.473
-1.714
0.161
-2.652
2.661
-1.402
1.723
-0.777
2.661
-3.589
1.411
-4.527
4.848
1.411
2.348
-2.652
0.161
-2.339
3.911
-1.402
1.411
-3.277
2.973
-3.589
1.411
-1.402
3.911
-1.714
2.973
-3.277
1.411
-3.277
2.973
-1.402
-0.777
-3.589
-0.464
-2.652
2.348
-0.777
2.348
0.473
2.036
-3.589
1.411
-2.652
2.973
0.473
1.411
-0.464
0.473
-2.027
3.598
-0.152
3.598
-2.339
2.348
-2.339
3.911
-1.089
2.348
-4.214
2.036
-2.339
1.723
-0.777
2.348
-2.652
1.723
-2.964
2.973
-0.464
2.973
-2.652
5.161
-1.089
4.848
0.161
2.348
-2.027
0.473
-3.589
-0.152
-3.277
0.161
-3.277
2.036
-1.714
3.286
-0.464
1.098
-2.339
2.348
-0.152
2.348
-1.089
2.973
-1.402
0.473
-2.027
1.411
-2.027
2.973
-2.964
2.036
-2.339
2.661
-1.714
3.911
1.098
1.411
-3.589
2.036
-2.652
1.098
-3.277
-0.152
-3.589
2.036
-2.339
1.098
-0.777
2.348
-2.339
1.411
-2.964
4.848
-1.714
2.973
-1.089
1.411
-1.089
2.036
-0.777
1.411
-1.714
-0.152
-3.277
1.723
-1.402
1.723
-1.089
0.786
-3.589
1.411
-2.027
2.973
-0.777
1.098
-1.714
0.473
-2.964
2.348
-2.964
0.786
-3.589
3.286
-0.777
3.598
-0.777
-0.152
-2.652
4.223
-0.777
4.223
-2.027
0.161
-4.527
-0.777
-2.964
2.973
-0.777
2.661
-2.652
2.661
-1.714
2.036
-1.714
-0.464
-4.527
1.723
-3.277
1.098
-0.777
0.473
-1.714
4.536
-1.089
4.536
-0.777
2.036
-2.027
0.786
-2.339
1.098
-3.277
1.411
-3.589
4.223
-0.464
2.348
-2.027
2.973
-1.089
4.536
0.161
2.036
-4.839
-1.402
-5.464
2.973
-2.964
2.661
-1.089
1.411
-2.964
3.911
-1.402
5.473
1.411
2.973
-2.027
-0.777
-4.839
0.786
-6.089
2.973
-1.089
2.661
-1.089
2.661
-0.777
2.036
-1.402
1.098
-0.777
1.098
-1.402
0.473
-2.652
3.286
0.161
2.661
-1.714
-0.152
-3.277
2.036
-2.339
2.661
-2.027
-0.464
-2.652
2.348
-0.464
2.036
-2.027
1.723
-1.714
2.036
-1.089
1.411
-1.714
2.973
-1.402
2.661
-0.464
-0.152
-3.902
1.411
-2.964
1.723
0.161
2.036
-2.339
1.098
-1.089
2.036
-2.339
1.098
-1.089
2.661
-0.464
2.973
-1.714
0.161
-2.339
1.098
-1.714
2.348
-1.402
0.786
-2.339
-0.152
-2.339
1.723
-3.277
4.223
-0.464
2.973
-0.152
2.036
-1.714
0.161
-2.964
1.723
-1.089
2.348
-0.777
0.473
-1.089
1.098
-2.652
1.723
-2.652
2.973
-2.027
2.661
-1.089
2.348
-2.652
0.161
-3.277
1.411
-2.027
2.973
-0.777
1.411
-0.777
1.098
-2.964
3.286
-1.402
3.598
0.161
1.723
-3.277
0.473
-3.589
0.786
-3.589
2.036
-1.402
3.286
-0.464
2.348
-0.777
1.723
-1.402
2.036
-1.089
2.348
-0.777
-0.152
-3.277
1.411
-2.964
2.661
-1.714
2.036
-1.402
1.723
-0.464
2.973
-0.464
2.348
-0.777
0.786
-1.402
2.036
-2.652
0.473
-1.089
1.723
-1.089
1.723
-0.777
0.473
-2.652
2.348
-4.214
1.411
-1.714
2.661
-2.339
2.348
-0.464
2.973
-1.089
1.098
-2.652
1.723
-2.964
1.411
-1.714
1.098
-2.339
0.473
-2.027
1.098
-1.714
2.036
-1.714
2.036
-2.652
1.723
-1.089
2.973
-0.464
3.286
-0.464
2.036
-1.089
1.411
-2.652
2.036
-1.714
1.098
-2.964
-0.152
-2.964
1.411
-2.964
3.286
-1.089
2.661
-1.402
1.098
-1.714
2.036
-2.339
1.723
-0.152
1.098
-1.089
1.723
-2.339
2.973
-1.089
3.598
-0.152
1.098
-2.964
0.786
-2.652
1.098
-2.652
2.973
-1.089
2.036
-1.402
1.411
-2.652
3.286
-0.464
4.223
0.473
2.348
-2.339
-1.402
-3.277
0.161
-3.589
0.786
-2.652
3.286
-0.464
1.723
-0.464
2.661
0.473
2.973
-1.089
-0.152
-2.652
0.786
-1.714
1.098
-1.402
0.473
-1.402
0.786
-1.714
0.473
-1.714
0.786
-2.652
2.348
-1.402
2.036
-0.777
0.786
-2.339
2.661
-0.777
2.348
-0.777
1.411
-1.089
0.473
-2.339
2.036
-2.339
1.098
-2.027
2.348
-1.714
1.411
-1.714
2.036
-1.089
2.973
-0.464
2.973
-0.464
0.473
-2.027
1.098
-1.714
2.348
-1.402
-0.152
-2.964
0.161
-2.964
1.411
-1.402
1.723
-0.152
2.348
-0.464
2.661
-0.777
2.348
-1.714
0.786
-1.714
0.161
-2.964
0.161
-2.964
2.036
-2.027
1.723
-1.402
2.348
-1.714
1.098
-2.027
2.348
-2.339
1.723
-0.152
2.036
-0.777
2.348
-0.152
1.098
-1.402
0.786
-1.714
1.411
-1.402
0.161
-2.027
1.098
-1.714
2.661
-1.714
1.723
-1.402
2.661
-0.464
1.723
-0.777
1.723
-1.089
1.411
-0.777
2.973
-1.714
1.723
-2.339
2.973
-3.589
2.973
-2.652
0.786
-1.402
1.098
-1.089
1.411
-2.339
0.786
-1.714
0.473
-1.714
2.036
-0.777
1.723
-2.027
1.411
-1.089
2.036
-1.089
2.348
-0.777
1.723
-1.089
0.786
-2.027
0.786
-2.652
2.348
-1.089
2.973
-0.464
2.036
-0.152
1.411
-2.339
1.411
-2.339
0.473
-2.652
0.473
-1.402
1.411
-2.027
1.723
-1.402
1.723
-2.652
2.036
-2.652
1.098
-2.027
2.348
-2.027
1.723
-1.089
1.723
-0.777
0.786
-2.027
1.411
-1.714
1.723
-1.402
0.786
-1.402
0.473
-2.027
1.723
-1.089
1.723
-0.777
1.098
-2.027
2.036
-1.714
2.036
-1.402
1.723
-1.402
1.411
-2.027
1.411
-1.402
2.348
-0.777
1.411
-1.402
1.411
-2.339
0.786
-2.027
0.161
-2.027
1.411
-1.402
2.348
-0.464
2.661
-1.089
2.036
-1.402
2.973
0.161
1.723
-0.464
1.723
-2.339
0.473
-2.339
0.161
-2.339
0.161
-2.652
0.161
-2.339
2.036
-1.714
2.661
0.161
2.661
0.161
2.036
-0.777
1.411
-1.714
0.473
-2.027
1.098
-2.339
1.098
-2.027
2.348
-2.027
1.411
-2.339
0.786
-2.027
2.348
-1.089
2.973
0.161
1.098
-1.089
1.723
-2.339
1.723
-2.027
1.411
-2.339
0.473
-1.089
1.411
-1.714
1.098
-2.339
0.161
-1.402
2.036
-0.777
2.661
-0.152
1.723
-1.402
1.098
-1.402
1.723
-1.714
0.786
-2.339
1.098
-2.027
1.411
-0.777
2.661
-1.402
1.411
-0.464
1.098
-1.714
1.411
-1.714
0.786
-1.089
1.411
-2.339
1.411
-1.402
3.598
-2.652
1.411
-1.402
1.723
-1.089
1.098
-1.714
1.098
-1.714
1.723
-1.402
2.036
-1.402
1.098
-3.277
0.786
-2.964
0.786
-2.339
1.411
-0.777
2.973
-0.152
2.348
-1.089
1.411
-1.714
1.411
-1.089
0.786
-1.402
1.411
-2.964
1.723
-2.027
0.786
-1.714
2.661
-1.714
2.661
-0.777
1.411
-1.089
2.036
-1.089
2.348
-1.714
2.036
-2.027
0.786
-2.027
2.036
-0.777
1.723
-0.777
1.411
-0.464
1.411
-2.652
0.473
-2.652
0.473
-2.027
2.036
-1.402
1.723
-1.089
2.973
-0.777
2.036
-1.089
2.036
-2.027
1.098
-2.652
0.786
-1.402
2.036
-2.027
2.036
-2.652
2.036
-1.714
2.348
-1.402
1.411
-0.777
2.036
-0.464
1.411
-0.464
2.036
-2.027
1.098
-2.027
2.036
-1.714
1.411
-1.089
1.411
-1.402
0.473
-2.339
1.098
-2.027
2.661
-0.777
2.661
-0.152
2.973
-0.464
2.973
-0.777
2.973
-1.402
0.473
-2.652
0.786
-2.339
0.161
-2.027
1.098
-2.339
2.036
-2.339
2.036
-1.714
2.348
-0.152
2.661
-1.089
2.973
-2.027
0.473
-1.402
1.098
-1.714
0.786
-2.339
1.723
-1.089
1.723
-1.402
0.161
-2.027
1.098
-1.714
2.036
-1.402
2.036
-1.089
2.348
-0.464
2.036
-1.402
2.348
-1.714
2.036
-1.402
0.786
-3.277
1.723
-2.027
0.786
-2.964
1.411
-1.089
1.098
-2.339
2.973
-1.089
3.286
-0.777
2.036
0.161
1.411
-2.027
1.098
-2.652
0.786
-2.027
0.786
-2.964
1.098
-1.402
2.973
-1.714
1.723
-1.089
1.723
-1.089
1.098
-0.777
2.973
-0.777
1.723
-1.089
1.098
-1.714
1.098
-2.964
1.098
-2.027
0.161
-2.339
2.036
-2.027
1.723
-2.027
2.036
0.161
1.411
-0.152
2.973
-1.089
2.661
-1.714
2.661
-2.027
0.786
-1.089
1.411
-1.402
0.473
-2.027
1.411
-2.027
1.098
-1.402
1.411
-1.402
2.661
-1.714
2.348
-1.089
2.348
-1.402
3.286
-2.027
1.723
-2.339
1.723
-1.402
0.786
-2.652
1.723
-2.339
0.786
-1.402
1.098
-1.402
0.786
-2.652
1.723
-1.089
2.661
-0.464
2.348
-0.464
2.348
-0.464
2.661
-1.402
2.348
-1.714
2.348
-2.652
1.098
-3.589
0.473
-2.339
1.723
-2.339
2.661
-1.089
2.973
-0.464
3.286
0.161
1.411
-0.777
1.098
-2.652
1.411
-2.964
0.786
-2.339
1.098
-1.089
2.036
-1.714
2.036
-2.027
2.348
-1.714
2.036
-2.339
2.036
-1.714
1.723
-0.152
1.411
-1.402
1.098
-2.652
1.098
-2.339
2.036
-2.652
1.098
-2.339
1.098
-1.714
0.473
-0.777
2.661
-2.339
1.723
-1.402
2.036
-1.402
2.036
-1.402
1.723
-1.089
2.036
-2.339
1.411
-2.027
2.973
-3.589
1.723
-2.027
1.723
-1.089
1.723
-1.714
2.036
-1.089
1.411
-1.089
0.473
-0.777
1.723
-1.714
1.723
-1.089
1.411
-1.714
0.161
-2.339
0.786
-2.339
1.411
-2.027
1.411
-1.402
2.348
-0.777
2.661
-0.777
1.723
-1.089
1.098
-1.089
1.411
-2.027
1.723
-0.777
1.723
-1.714
1.098
-2.339
0.786
-2.339
0.786
-1.714
1.098
-2.027
2.036
-1.402
1.723
-1.089
1.723
-0.777
2.036
-1.089
2.348
-0.777
1.098
-1.714
1.411
-3.277
1.098
-2.027
0.786
-2.652
1.411
-2.027
1.098
-1.402
1.723
-0.777
2.036
0.161
1.723
-1.402
1.723
-1.402
1.411
-1.089
1.411
-1.714
0.473
-2.339
1.411
-2.652
2.036
-1.714
2.348
-1.714
2.036
-1.402
1.723
-1.402
2.661
-2.027
2.661
-1.089
1.098
-1.714
1.723
-2.027
1.723
-1.402
1.411
-1.089
0.473
-1.714
1.411
-2.652
1.723
-2.027
3.598
-1.714
2.661
-2.652
2.973
-0.464
3.286
-1.089
2.348
-0.152
1.411
-1.089
0.473
-1.402
-0.777
-2.339
-0.152
-2.339
1.098
-2.652
2.036
-1.714
3.598
-1.714
2.973
-1.089
2.661
-2.027
2.348
-2.339
1.411
-1.714
2.973
-3.902
1.098
-3.277
1.411
-1.714
1.098
-2.339
0.786
-1.714
2.348
-1.714
2.036
-0.464
2.036
-0.152
3.286
-0.777
3.286
-2.964
1.723
-3.277
0.786
-2.339
0.786
-2.964
2.348
-4.214
1.098
-2.339
2.661
-1.402
2.036
-0.464
2.348
-0.152
1.723
-0.464
1.411
-1.089
0.786
-1.402
1.098
-2.339
0.161
-3.589
0.786
-3.277
0.473
-1.402
2.661
-1.402
2.348
-1.402
2.973
-0.152
2.973
-0.464
1.723
-2.027
1.411
-2.339
1.098
-2.964
2.036
-2.964
1.098
-2.652
0.473
-1.714
2.036
-1.714
2.661
-1.402
2.348
-1.089
2.661
-1.089
3.598
-2.652
1.098
-0.152
2.036
-1.714
1.411
-1.714
1.411
-2.339
0.786
-2.964
1.723
-3.277
0.786
-1.089
2.348
-1.714
2.348
-0.777
2.348
-1.089
2.348
-1.089
3.286
-0.777
2.348
-1.402
1.098
-2.339
1.098
-2.964
0.161
-2.652
0.161
-1.402
2.661
-2.027
2.348
-0.152
2.348
-0.777
2.348
-0.152
1.723
-0.152
1.411
-2.027
1.098
-3.277
-0.152
-3.277
0.786
-2.339
1.098
-1.402
1.723
-2.027
2.348
-0.464
2.661
-1.402
2.661
-0.777
2.661
-1.402
1.098
-1.402
1.723
-1.402
1.723
-2.964
1.723
-2.027
0.786
-2.964
0.473
-2.339
2.973
-2.339
2.036
-1.089
2.348
-0.464
2.036
-0.464
2.348
-1.714
0.786
-1.714
0.473
-1.714
1.411
-3.902
1.723
-3.277
2.348
-2.027
2.036
-1.714
2.973
-2.027
2.036
-1.402
2.036
-0.777
2.036
-1.089
1.723
-2.027
2.661
-1.714
1.723
-2.964
0.473
-2.964
0.786
-2.339
0.786
-1.714
2.036
-2.027
3.286
-1.089
4.223
-0.152
3.598
-0.464
2.036
-2.027
0.473
-2.652
0.786
-2.964
0.473
-2.027
1.098
-2.652
1.098
-1.714
1.723
-2.027
2.036
0.161
2.661
-2.027
4.536
-2.027
2.661
-2.652
1.411
-2.027
0.161
-2.339
1.098
-2.339
1.411
-2.652
2.348
-2.027
1.098
-0.777
2.661
-1.402
2.348
-0.464
2.661
-2.027
2.661
-1.089
1.098
-2.339
1.098
-3.902
1.723
-2.027
1.411
-2.652
2.348
-2.027
1.411
-1.714
1.411
-1.714
2.973
-1.714
1.723
-0.777
2.036
-0.777
2.348
-1.402
2.973
-1.714
1.098
-2.027
1.723
-1.714
2.036
-2.027
0.786
-2.964
2.036
-2.339
2.036
-2.652
2.036
-1.402
2.973
-3.589
2.661
-1.714
2.661
-2.652
2.661
-2.027
2.036
-2.339
3.286
-2.964
0.786
-4.214
0.473
-1.402
3.911
-2.339
2.036
-2.339
2.973
-2.027
2.973
-1.402
3.286
-2.339
2.661
-2.027
2.661
-3.277
2.036
-3.277
2.036
-3.589
1.411
-2.652
2.661
-2.027
2.036
-0.464
2.036
-0.152
2.661
-1.402
2.348
-1.089
1.723
-2.027
1.411
-2.964
3.286
-3.277
1.098
-0.777
1.098
-0.777
1.723
-2.339
1.098
-1.089
2.036
-1.402
2.661
-0.777
2.348
-2.027
1.723
-1.714
1.098
-2.652
0.473
-2.339
1.723
-2.339
0.786
-1.402
1.723
-1.402
2.036
-2.027
1.411
-1.402
1.723
-1.714
1.723
-1.089
2.661
-0.152
2.973
-1.714
1.411
-1.714
1.723
-3.589
1.098
-2.652
0.473
-1.714
1.723
-1.089
0.786
-1.402
1.723
-1.714
1.723
-1.089
1.723
-0.777
2.036
-0.152
1.723
-1.089
1.411
-1.402
0.161
-2.652
0.161
-2.027
1.411
-1.714
0.786
-1.402
2.036
-1.402
2.036
-0.777
1.411
0.161
2.348
-1.714
1.411
-0.777
0.161
-2.027
0.786
-2.339
0.473
-2.652
0.786
-1.402
2.661
-1.402
2.661
-1.714
1.723
-1.089
2.661
-1.402
2.661
-0.464
2.348
-1.402
1.098
-1.714
0.473
-1.714
0.786
-2.027
0.473
-1.714
0.786
-2.964
2.973
-0.777
3.286
-1.402
1.411
-0.464
2.661
-0.152
1.723
-2.339
1.098
-2.339
0.161
-2.027
0.473
-2.339
2.036
-1.402
2.661
-1.402
2.036
-0.777
2.661
-0.464
1.723
-1.402
0.786
-1.402
0.473
-0.777
2.348
-1.714
1.723
-1.402
2.036
-1.089
1.098
-1.714
1.723
-1.714
0.161
-2.027
0.161
-1.402
1.411
-1.402
1.723
-1.402
2.348
-0.777
2.348
-1.089
1.723
-1.402
0.473
-3.589
0.161
-3.277
0.473
-2.027
1.723
-1.402
2.348
-0.464
2.661
-0.464
2.661
-1.402
0.786
-1.402
0.473
-2.652
1.723
-2.339
2.036
-2.652
1.411
-1.714
1.098
-1.089
1.098
-1.714
1.723
-1.402
2.348
-2.652
2.348
-1.714
2.036
-0.464
1.723
-1.402
1.411
-1.714
0.473
-2.027
1.098
-1.714
0.786
-1.714
0.473
-1.402
2.661
-1.714
1.411
-1.714
2.036
-1.714
1.411
-0.777
2.348
-0.777
2.348
-0.777
1.411
-2.339
0.473
-1.714
0.473
-1.714
0.473
-2.652
1.723
-2.027
1.723
-2.027
2.973
-0.464
2.973
-0.464
2.348
-1.714
0.473
-1.089
0.786
-1.402
1.723
-2.339
0.786
-1.714
2.348
-1.402
2.036
-1.402
1.098
-1.402
0.786
-1.089
2.036
-1.714
0.786
-1.089
1.723
-0.464
2.036
-0.464
1.098
-2.027
1.723
-2.027
1.411
-2.027
2.036
-2.027
1.411
-2.339
1.723
-1.089
1.411
-1.089
2.036
-1.089
1.411
-0.777
1.723
-2.027
2.036
-2.339
0.786
-1.402
1.411
-2.027
1.723
-2.964
0.786
-1.714
1.723
-1.402
2.036
-1.402
1.723
-0.464
1.723
-2.339
1.098
-1.714
2.036
-2.339
1.723
-1.402
1.723
-3.277
1.411
-1.089
1.723
-0.777
1.723
-1.714
2.036
-1.714
2.348
-1.714
2.036
-2.027
1.411
-1.402
1.098
-1.714
1.723
-1.714
2.036
-1.402
2.661
-1.714
0.786
-1.089
0.473
-2.652
0.161
-2.027
2.036
-1.714
3.911
-1.402
2.348
-1.714
2.036
-2.652
0.786
-1.402
1.411
-1.714
2.036
-2.964
0.473
-1.402
2.036
-1.089
1.411
-1.402
1.411
-0.777
1.723
-1.089
1.723
-0.777
2.036
-1.714
1.098
-1.402
1.723
-1.714
0.786
-1.714
1.098
-2.027
1.098
-0.777
2.348
-2.964
1.723
-2.964
1.098
-2.652
2.036
-1.402
0.786
-1.402
2.661
-1.714
1.411
-1.714
0.473
-1.402
2.348
-2.027
1.098
-1.402
1.723
-1.089
2.036
-2.027
1.411
-1.089
1.723
-1.089
0.473
-1.714
1.723
-1.714
1.411
-0.464
2.348
-2.027
1.098
-1.714
0.786
-1.402
0.786
-2.339
2.036
-2.027
2.036
-3.277
2.973
-2.027
1.723
-1.402
2.036
-2.027
2.348
-0.777
1.411
-0.777
1.723
-1.402
1.098
-1.089
1.723
-1.714
2.348
-2.652
0.786
-1.714
2.036
-0.464
2.661
-2.339
1.098
-1.714
1.411
-1.402
1.723
-1.089
2.973
-1.402
1.411
-3.589
2.036
-2.964
1.098
-2.964
1.411
-2.027
1.411
-1.089
2.036
-0.152
2.036
-0.777
2.973
-1.714
2.348
-1.402
2.348
-0.777
1.411
-2.027
1.411
-2.652
1.723
-3.277
1.098
-2.339
1.098
-1.089
2.661
-0.464
2.348
-0.464
2.348
-0.464
2.348
-1.402
1.098
-1.402
0.473
-2.339
0.473
-1.714
0.786
-1.402
1.411
-1.714
1.411
-2.964
1.411
-0.464
2.036
-1.402
2.348
-0.777
1.411
-0.777
1.411
-2.339
1.723
-1.714
2.661
-2.027
1.411
-1.714
1.723
-2.964
0.473
-2.964
1.098
-2.027
1.723
-1.402
1.723
-1.089
3.286
-0.777
1.723
-0.777
2.036
-1.089
1.411
-1.714
0.473
-1.714
1.098
-4.214
1.411
-1.714
1.411
-2.027
2.661
-1.402
2.661
-1.714
3.286
-1.402
3.286
-1.089
2.036
-1.402
1.411
-1.402
1.411
-2.027
2.036
-2.652
1.723
-2.652
1.411
-2.652
1.098
-1.714
2.036
-2.027
2.036
-1.402
2.036
-0.464
3.286
-1.714
1.723
-1.402
0.473
-1.714
0.786
-2.339
0.473
-1.714
1.723
-1.714
1.098
-2.339
3.286
-1.089
2.348
-0.152
1.411
-0.777
1.723
-1.402
1.098
-1.402
1.098
-1.714
1.098
-2.027
2.348
-1.714
2.036
-1.402
0.473
-1.714
1.098
-2.964
1.723
-1.714
2.036
-1.089
2.973
-0.777
2.348
-0.464
2.348
-0.464
1.411
-2.339
0.473
-2.027
0.786
-2.027
1.411
-2.652
1.098
-1.402
1.723
-0.464
2.036
-2.027
1.723
-1.402
1.098
-0.464
2.661
-1.714
2.036
-1.089
1.723
-1.089
2.348
-1.714
1.723
-2.652
1.723
-2.964
-0.152
-1.714
0.786
-1.402
1.723
-1.089
3.286
-1.089
3.286
-1.402
3.286
-1.402
1.098
-1.089
0.786
-1.714
0.473
-2.339
0.161
-2.339
1.723
-2.027
1.723
-0.464
1.723
-1.089
1.723
-1.089
2.036
-1.089
2.661
-1.089
1.723
-2.027
2.036
-1.714
1.723
-2.027
0.473
-2.027
0.161
-2.964
0.473
-2.027
2.348
-1.402
2.036
-0.464
2.348
-0.152
2.036
-0.152
2.036
-2.027
1.098
-0.777
0.786
-1.089
1.098
-2.964
1.098
-2.027
1.723
-2.027
1.098
-1.402
2.348
-1.714
2.036
-0.777
1.723
-1.089
2.036
-1.089
3.286
-1.714
1.098
-2.652
0.786
-2.027
0.786
-2.027
1.098
-2.652
1.098
-2.339
1.098
-1.089
2.036
-1.402
2.973
-0.464
2.348
-0.152
2.973
-0.464
1.411
-1.402
1.098
-2.027
1.098
-2.339
0.473
-2.652
0.473
-2.652
1.098
-1.402
2.973
-1.402
2.348
-1.089
2.348
-0.152
1.723
0.161
2.348
-0.777
1.098
-2.027
0.161
-2.027
0.786
-3.277
1.098
-2.652
0.161
-2.652
2.036
-1.402
3.286
-1.089
1.723
-1.089
2.036
-0.152
2.661
-0.464
2.036
-1.089
0.786
-1.402
0.786
-3.277
0.786
-2.339
0.473
