-6.408
5.155
0.155
5.155
2.655
4.842
2.030
2.342
-1.408
-0.470
-3.283
-2.345
-3.595
0.155
-3.595
2.655
-0.470
3.905
0.155
3.592
0.467
2.342
-0.783
-0.158
-3.283
-2.345
-3.908
0.155
-3.595
0.780
-1.408
2.655
0.155
4.530
2.030
3.905
1.717
3.592
-0.783
-0.158
-2.345
0.467
-1.720
0.780
-2.970
-2.033
-5.470
1.092
-4.533
3.905
-0.470
3.280
-0.158
2.030
-1.095
2.967
-0.470
2.655
0.467
1.717
-0.470
1.717
-1.408
0.467
-2.033
-1.720
-4.845
-2.345
-4.845
2.342
-2.345
3.592
-0.470
4.530
2.342
4.842
2.030
4.530
1.405
1.405
-2.033
-0.158
-2.033
-1.408
-4.845
-3.283
-5.158
-2.033
-4.533
1.717
-2.658
3.592
0.155
5.155
2.342
4.842
2.342
3.905
1.092
2.342
-1.095
-1.095
-4.220
-3.595
-5.783
-1.720
-5.158
0.467
-2.345
4.530
-0.470
5.467
2.967
4.842
1.717
2.342
-1.095
0.155
-3.908
-2.658
-4.845
-1.720
-3.908
1.092
-2.658
5.467
0.780
6.092
2.030
2.342
-2.345
-1.408
-4.845
-3.283
-5.158
0.155
-4.845
3.905
-0.783
6.717
2.967
6.717
2.967
3.280
-1.720
-1.095
-4.220
-2.970
-4.845
0.467
-2.970
1.092
-0.470
1.717
-0.470
2.655
-0.158
3.592
2.030
3.280
0.155
1.717
-0.158
2.030
-0.470
-0.470
-5.470
-4.533
-6.720
-0.470
-5.783
3.592
-1.095
5.467
3.280
4.842
0.155
0.467
-2.345
-0.783
-2.970
-0.470
-2.345
0.467
-2.345
2.655
-1.408
2.967
0.155
3.592
1.092
2.655
-1.095
-0.158
-2.658
-1.095
-2.970
0.155
-2.345
1.092
-0.470
2.655
-0.158
1.092
-0.783
2.030
-1.720
4.217
0.467
4.530
-0.470
-0.158
-6.408
-4.220
-6.408
1.092
-5.158
3.592
-0.783
5.780
2.342
5.155
2.342
3.905
0.780
1.092
-2.970
-2.033
-5.783
-3.595
-6.095
2.030
-4.220
5.467
1.717
6.092
3.905
5.467
1.405
1.405
-5.158
-3.595
-7.345
-0.783
-6.095
4.530
-0.783
5.780
3.905
5.155
0.780
0.780
-3.595
-2.033
-2.970
-1.720
-3.595
0.467
-2.033
2.030
-1.408
2.655
0.467
3.905
1.405
2.342
-0.470
1.405
-1.095
1.092
-1.720
-0.470
-2.658
-0.470
-2.970
-1.408
-3.595
1.092
-2.970
5.155
1.092
5.467
2.342
3.280
-0.158
0.155
-3.595
-2.345
-4.845
-3.283
-4.845
0.467
-3.595
5.467
0.467
7.655
4.842
6.717
-0.783
-0.470
-7.345
-5.158
-7.658
-0.470
-5.470
2.967
-1.408
6.092
2.655
7.030
4.530
5.155
-1.408
-0.158
-4.220
-2.658
-6.095
-3.595
-6.095
0.155
-4.220
6.717
-0.783
9.217
4.530
8.905
3.592
3.905
-3.283
-2.970
-6.408
-4.533
-6.095
-2.658
-6.408
3.905
-3.283
6.405
3.905
5.467
0.155
0.780
-2.345
0.780
-2.033
1.717
-1.408
-0.158
-2.033
1.092
-2.345
2.030
-1.408
2.342
-1.095
0.155
-2.970
-0.470
-2.970
3.592
-0.783
4.217
1.717
2.655
-0.783
-0.470
-2.345
-0.158
-2.658
1.717
-1.408
2.030
-0.470
2.030
-1.720
-0.158
-3.283
-1.095
-3.283
1.092
-1.720
6.092
0.155
6.405
3.592
4.217
0.155
0.155
-3.908
-0.783
-3.908
-0.470
-2.345
0.780
-1.720
1.717
-0.783
0.467
-1.720
1.405
-1.095
2.967
-0.158
2.342
-0.158
0.467
-1.408
-0.783
-2.345
-0.783
-2.345
0.155
-2.345
1.092
-1.408
2.967
0.467
3.592
2.030
3.592
0.780
1.717
-2.658
-2.345
-5.158
-2.345
-5.470
2.967
-2.345
6.405
2.967
6.405
2.342
2.342
-2.658
-1.720
-3.283
-0.470
-2.658
-1.095
-2.658
-0.158
-2.658
0.780
-1.408
2.342
-0.470
1.717
-0.158
2.655
-0.158
2.030
-0.470
1.717
-0.470
2.030
0.467
1.717
-1.095
0.467
-4.845
-4.220
-6.408
0.155
-4.845
3.592
0.155
5.780
2.967
4.842
2.655
2.967
-1.095
2.030
-0.783
0.155
-26.408
43.280
-30.158
47.655
-18.908
28.905
-40.470
39.842
-19.220
29.530
-45.470
60.780
-27.033
13.280
-43.283
30.155
-43.595
55.467
-40.470
31.717
-34.845
31.717
-36.095
34.842
-21.095
74.530
-32.033
6.717
-37.658
56.092
-55.470
56.092
-51.095
27.967
-13.908
18.280
-20.470
5.780
-28.283
16.092
-17.345
28.905
-8.908
33.592
-26.720
25.467
-17.970
-1.095
-35.470
24.530
-36.095
24.530
-31.720
42.655
1.092
6.717
-40.470
31.405
-22.658
74.530
-29.533
74.530
-21.095
28.592
-19.845
18.905
-27.970
12.967
-26.720
67.030
-4.220
32.967
-53.908
13.280
-22.345
35.467
-27.970
50.467
-20.783
19.530
-46.095
18.592
-12.033
38.905
-19.220
22.342
-15.158
23.592
-47.345
26.092
-39.845
43.592
-38.595
62.030
-59.845
49.530
-67.658
23.280
-29.533
12.030
-29.533
64.842
-23.908
56.092
-33.908
46.092
-39.845
11.405
-52.658
29.842
-15.783
18.280
-19.220
37.030
-25.783
38.592
-29.845
52.030
-61.408
23.592
-61.408
29.530
-8.283
9.842
-53.908
9.217
-12.658
7.342
-25.158
17.967
6.405
21.092
-2.658
30.467
-20.158
0.155
-18.283
18.592
-10.158
26.405
-26.408
26.092
-18.908
23.905
-37.345
19.530
-40.158
24.842
-11.720
26.717
-11.720
24.842
-21.408
7.967
-24.533
17.655
-27.033
7.655
-33.595
21.092
-15.470
21.405
-4.220
9.842
-26.408
13.280
-26.408
13.592
4.530
11.717
-4.220
-1.720
-18.908
-4.220
-19.845
31.092
-12.658
28.592
-14.845
1.092
-16.720
16.092
-3.908
4.530
-14.220
14.217
-12.658
10.780
-7.970
10.780
-10.158
13.905
-8.908
7.342
-16.408
19.217
-15.470
17.967
-2.970
11.405
-5.783
8.905
-14.220
19.217
-13.595
13.280
-13.595
2.342
-17.033
12.342
2.030
12.342
-16.408
3.905
-14.845
18.280
2.967
17.030
4.842
4.842
-17.033
2.967
-15.158
-1.408
-15.470
10.780
-7.345
-2.970
-10.783
9.217
-10.783
16.092
2.342
11.405
-7.970
2.655
-12.970
5.155
-5.470
4.530
-6.720
5.780
-6.720
6.717
-11.720
9.217
-8.283
9.530
-8.283
15.467
-7.033
7.342
-15.783
6.717
-15.783
0.155
-21.095
2.030
-2.970
7.967
-2.345
13.280
-14.220
-2.345
-14.220
11.405
-6.095
12.030
-2.970
6.405
-4.533
10.780
-2.970
1.405
-7.658
3.592
-0.783
4.530
-2.658
12.967
-3.908
1.717
-3.908
2.967
-3.283
11.405
-13.908
12.030
0.467
4.217
-7.345
5.780
-4.845
2.967
-5.158
5.780
-1.720
10.467
3.280
10.780
-5.783
0.780
-8.283
1.405
-5.783
1.405
-6.408
3.905
-4.220
6.092
-5.783
6.717
-9.533
10.467
-6.720
2.967
-9.533
4.842
-6.408
1.717
-10.470
11.092
-0.470
2.030
-1.408
-0.158
-6.095
-2.345
-9.845
-1.095
-5.158
4.530
-7.345
3.280
-3.595
9.842
-5.470
9.842
-0.470
9.217
1.405
8.280
-2.033
2.967
-12.658
3.592
-15.158
5.467
-6.095
12.342
-5.783
12.342
-11.720
5.155
-12.033
8.280
-3.283
17.342
-2.033
12.030
-5.470
14.842
-6.720
1.092
-25.470
24.217
-12.345
12.030
-21.095
25.780
-26.095
12.967
-21.720
17.967
-2.345
9.217
-5.783
8.905
-22.033
7.655
-13.908
13.280
-7.970
8.280
-9.845
9.217
-7.970
18.280
-10.783
-0.158
-16.720
8.280
-9.845
3.280
-12.658
1.717
-15.783
-1.095
-14.533
6.717
-3.595
11.092
-3.283
5.780
-3.595
11.092
0.780
8.280
-2.033
3.280
-11.408
-7.345
-16.095
0.467
-12.970
17.967
0.467
21.405
5.780
14.842
5.467
5.467
-7.033
7.655
-8.595
-2.345
-16.408
5.155
-15.783
6.092
-9.533
2.655
-8.908
2.655
-10.783
5.155
-17.970
3.280
-20.158
7.342
-12.970
7.030
-6.408
7.655
-7.033
7.655
-8.283
6.405
-4.220
13.905
-0.470
17.967
-0.158
13.592
-2.658
9.217
-1.095
6.405
-0.158
0.780
-9.533
1.405
-9.220
3.592
-11.095
3.592
-13.595
0.155
-14.220
3.592
-4.845
8.592
-2.970
7.030
1.717
6.092
-7.033
2.967
-7.970
12.342
-2.658
9.842
-0.470
1.717
-3.908
2.967
-2.658
1.092
-12.658
2.655
-12.658
0.780
-4.533
2.030
-12.658
-1.720
-10.158
11.092
-1.720
10.780
2.655
5.780
1.405
7.030
-1.408
8.905
-1.720
5.467
-5.158
6.405
-6.720
-1.095
-8.595
7.030
-3.595
-0.783
-7.970
-0.470
-4.533
1.405
-5.158
3.280
-7.970
-3.908
-11.408
-3.908
-8.283
-3.595
-12.658
12.342
-3.908
14.217
8.905
14.217
1.405
3.905
-7.345
1.092
-4.533
1.405
-12.658
-1.720
-13.595
-1.720
-8.283
5.780
-5.470
5.467
-5.783
2.967
-2.658
-0.158
-6.720
1.405
-11.095
3.280
-7.033
0.780
-4.533
7.342
-4.845
5.155
-3.908
-2.033
-5.783
6.092
-3.908
16.092
3.905
14.217
-5.470
4.842
-5.158
8.905
1.405
9.217
-0.470
6.405
-1.095
15.155
-0.158
15.467
3.905
4.530
2.030
7.655
2.342
6.717
0.155
8.280
-2.658
7.967
2.967
9.842
4.530
7.342
2.342
2.342
-11.408
-2.970
-14.220
1.092
-5.783
4.842
-0.470
3.592
-4.533
1.092
-4.845
4.217
-9.533
1.717
-12.033
2.655
-6.720
-3.908
-13.283
-6.408
-13.908
-4.533
-9.533
-4.845
-10.158
-7.033
-12.345
-1.720
-11.720
3.905
-7.345
3.592
-6.095
-2.033
-6.720
0.780
-4.533
-0.158
-5.470
6.405
-0.783
3.905
-0.470
3.592
-2.345
6.717
-0.470
8.280
2.030
13.592
7.655
7.655
-4.220
10.780
-0.470
12.967
3.905
6.717
2.967
8.592
6.092
16.405
7.655
15.467
11.092
13.592
5.780
7.967
2.342
2.342
-6.408
-0.470
-7.033
-0.783
-2.345
7.342
-3.595
7.030
-2.345
4.530
-5.783
5.467
-9.533
-7.658
-15.470
-10.783
-17.345
-8.283
-14.220
-3.908
-12.345
-0.783
-4.533
0.467
-4.533
-3.283
-10.470
-3.283
-16.095
-9.533
-17.658
-7.658
-10.158
-2.345
-7.658
4.842
-2.970
6.092
0.155
8.905
5.780
7.967
-2.970
7.967
3.905
7.030
-3.283
9.530
-3.283
9.842
6.405
14.530
9.842
11.092
5.155
16.717
7.967
10.780
7.342
11.717
1.717
1.717
-6.095
9.530
-1.408
7.967
0.155
7.342
0.155
0.155
-5.158
-0.158
-3.283
-2.345
-6.095
-6.095
-14.845
0.155
-12.345
2.030
-1.720
6.405
-1.095
-1.095
-7.345
-6.095
-12.033
-4.533
-12.658
-2.033
-11.720
-9.220
-16.408
1.717
-16.408
8.280
-4.845
-4.845
-13.595
-4.845
-13.283
3.905
-5.470
12.342
3.592
15.155
5.780
11.405
5.780
10.780
3.280
4.217
-3.908
8.592
-4.845
17.342
8.592
12.030
1.092
8.280
-6.408
13.905
8.280
10.780
-3.908
-2.033
-7.658
6.717
-2.970
12.967
4.842
12.967
8.280
8.280
-8.595
-8.595
-17.970
0.467
-12.033
2.342
-8.283
-2.033
-14.845
9.530
-2.033
9.217
2.967
2.967
-16.408
-10.158
-20.470
-2.345
-10.158
-1.408
-6.720
2.342
-7.345
0.780
-10.783
7.655
0.780
8.280
4.530
4.530
-10.158
-2.658
-10.470
2.655
-2.658
5.467
-1.408
-1.408
-6.095
16.717
-2.033
17.655
11.092
11.092
-5.783
-3.283
-6.095
-5.470
-12.970
6.717
-6.720
13.280
5.780
11.405
1.092
7.342
2.655
2.655
-5.470
5.155
-2.345
3.280
-2.970
-2.970
-8.908
1.092
-6.720
3.905
-0.783
3.280
-1.408
2.342
0.155
1.717
-3.595
4.530
-0.158
2.655
-11.720
-8.595
-12.033
-2.033
-8.908
5.467
-2.033
5.467
0.467
2.030
-2.033
0.780
-4.845
-1.095
-5.158
0.780
-3.283
5.780
0.780
11.717
5.780
12.030
-1.720
-0.783
-2.345
7.967
-1.408
11.405
4.530
4.530
-8.283
-8.283
-14.220
-0.470
-11.408
12.030
-0.470
12.342
2.655
2.655
-2.970
6.717
2.030
2.967
-1.408
-1.408
-7.970
-4.845
-7.658
-7.033
-10.470
-1.095
-9.845
7.967
-1.095
10.467
-1.408
-1.408
-12.345
4.217
-10.783
4.217
0.467
5.780
1.405
5.467
1.717
4.842
0.467
4.217
-1.095
8.592
4.217
4.530
-0.158
1.717
-3.283
-1.720
-3.908
-0.783
-4.533
7.030
-1.095
10.467
5.467
10.467
8.592
9.217
2.655
6.717
1.717
6.717
-9.845
-6.408
-12.033
3.592
-6.720
3.280
-3.908
-3.908
-16.408
-8.908
-17.345
4.217
-8.908
4.217
-4.845
0.780
-4.845
2.655
-0.158
3.280
0.467
0.467
-11.720
-10.783
-15.470
1.092
-14.845
4.530
0.155
10.155
4.217
9.842
2.655
2.967
1.092
13.905
2.342
9.530
-1.408
6.405
-0.158
10.155
4.530
11.717
8.592
12.030
1.092
1.092
-5.783
-3.908
-7.345
-3.283
-6.408
1.092
-3.283
3.592
-3.595
3.905
0.467
2.655
0.155
5.467
1.092
4.217
-7.970
-7.345
-11.408
-3.283
-9.533
-1.408
-5.470
-3.908
-7.658
2.030
-6.720
4.530
1.405
9.217
2.342
7.967
-4.845
-2.345
-11.095
-11.095
-14.220
-1.720
-11.720
-2.345
-6.408
2.655
-4.220
14.842
2.655
14.217
4.842
13.592
3.280
15.467
9.217
10.780
7.655
10.780
7.967
8.280
6.717
7.030
-1.408
-0.783
-4.845
-4.220
-7.345
-3.595
-7.658
-1.720
-4.533
-2.658
-5.470
-2.658
-5.158
1.717
-3.283
-0.158
-8.283
-7.033
-10.783
-2.970
-7.345
-2.970
-6.095
-3.595
-11.408
-0.470
-11.408
3.592
-0.470
0.155
-7.970
5.155
-6.408
13.280
5.155
14.217
10.155
11.092
1.717
7.030
1.717
6.717
1.717
1.717
-3.908
-2.033
-6.095
4.217
-2.345
4.217
0.155
8.905
0.155
10.780
2.342
7.342
2.342
7.030
2.030
3.905
-2.658
-0.783
-3.908
0.155
-9.533
-8.908
-11.720
-7.033
-13.283
-2.970
-7.033
0.155
-3.908
2.967
-1.720
-1.095
-2.970
0.467
-4.533
-3.908
-6.408
-0.158
-4.533
1.092
-3.595
0.467
-4.220
9.530
0.467
12.030
8.592
8.592
-0.470
1.717
-0.470
5.467
0.155
8.905
5.155
11.405
4.842
5.467
-2.658
3.280
-2.970
3.592
-3.595
-3.283
-9.845
-6.720
-10.470
-1.720
-6.720
4.842
-2.345
7.342
4.842
8.280
2.967
2.967
-8.283
-3.595
-9.220
-1.095
-3.908
0.467
-2.033
-1.408
-4.845
-3.283
-6.408
-0.470
-5.470
1.717
-1.095
7.655
-0.783
13.280
7.655
12.030
5.155
5.467
-2.970
4.530
-3.283
5.467
-0.158
-0.158
-7.345
-7.345
-12.345
1.405
-12.658
7.655
1.405
7.342
3.280
6.717
3.592
5.155
-6.408
-5.158
-7.970
-7.033
-10.158
-3.283
-10.470
2.030
-3.595
3.905
1.405
6.405
2.030
6.717
1.717
2.030
-2.033
0.467
-2.345
-1.095
-3.595
2.967
-2.970
5.155
1.092
7.967
4.217
7.967
2.967
2.967
-1.095
-0.158
-2.970
6.405
-0.470
5.155
-0.158
-0.158
-8.283
1.717
-7.033
4.842
1.717
6.405
2.655
3.280
-13.595
-12.658
-19.845
-4.220
-16.095
1.405
-4.220
0.155
-1.720
4.530
-0.783
7.030
4.530
5.467
0.780
2.655
0.780
3.905
1.405
3.905
2.655
3.280
-6.095
-3.908
-6.720
-0.783
-4.845
-1.720
-5.783
4.217
-6.720
11.092
4.217
10.155
6.092
7.030
3.905
6.405
3.280
9.842
4.217
4.217
-6.720
-5.783
-8.595
-2.033
-6.408
1.717
-3.283
2.342
-0.783
0.780
-2.345
-0.783
-6.095
2.342
-6.095
5.467
2.342
4.530
0.155
0.155
-2.970
-1.408
-5.158
-2.658
-5.470
-2.658
-4.220
-2.970
-5.158
-1.095
-5.158
0.780
-2.345
3.905
0.155
4.217
2.342
2.655
0.467
5.155
1.405
4.530
-0.158
-0.158
-3.283
5.155
-1.408
5.780
3.905
3.905
-2.658
0.467
-3.595
4.217
0.467
6.405
1.717
2.655
-4.533
-2.658
-5.158
2.342
-2.658
4.217
1.717
3.592
1.405
1.405
-4.533
-4.220
-6.720
-4.845
-7.033
4.530
-4.845
7.655
4.530
8.592
4.217
4.217
-2.970
-2.033
-7.658
-1.095
-7.033
2.655
-1.095
2.655
-1.408
-0.470
-3.283
-3.283
-7.345
-3.595
-7.345
0.780
-5.158
2.655
-0.158
6.092
1.405
6.717
2.030
2.342
-4.533
-0.158
-5.783
4.217
-0.158
4.842
1.092
2.655
-2.033
-0.783
-7.970
-0.470
-7.345
11.405
-0.470
12.342
9.217
9.530
5.155
5.155
1.405
1.405
-2.658
-1.720
-8.595
-7.345
-10.470
-3.595
-9.533
6.717
-4.533
12.342
6.717
12.030
2.967
2.967
-3.908
-2.970
-6.720
-1.408
-5.470
3.280
-2.033
2.655
-4.845
-4.533
-10.158
-5.158
-11.408
-0.470
-5.158
5.155
-1.408
5.780
2.967
3.592
1.405
5.780
2.967
5.780
0.467
2.342
-1.408
1.092
-0.470
0.780
-2.033
-1.095
-5.158
1.717
-3.908
2.967
0.467
4.217
2.030
4.530
-1.408
-1.408
-8.595
-3.595
-8.595
2.030
-3.908
5.467
1.717
5.780
4.217
6.405
1.717
1.717
-2.970
-2.658
-6.095
-1.408
-6.408
3.905
-2.033
6.092
3.280
5.780
3.280
6.092
2.655
5.467
1.092
1.092
-5.783
-5.470
-8.595
-5.783
-7.658
-2.345
-6.408
5.780
-2.970
9.217
5.780
6.405
0.155
0.155
-3.595
-2.658
-4.533
1.405
-4.220
3.592
0.155
3.592
0.780
4.217
1.405
3.905
-1.408
0.467
-5.783
-5.783
-8.283
-1.720
-6.095
3.280
-1.720
4.217
1.405
2.655
0.155
4.842
-0.158
5.155
2.655
4.842
-1.720
-1.720
-6.095
-2.033
-6.095
3.905
-2.033
5.780
3.592
7.030
4.842
6.092
0.780
1.092
-0.783
0.467
-1.095
-0.158
-2.033
-0.470
-2.658
1.405
-1.408
0.467
-1.408
-0.158
-3.283
-1.720
-3.595
-2.033
-3.908
-1.720
-3.908
-2.345
-4.533
-2.033
-4.220
1.092
-2.033
2.967
0.467
1.717
-2.345
2.655
-1.408
3.592
0.780
4.530
1.405
2.967
0.467
2.967
0.780
3.592
0.780
3.592
1.092
2.342
0.155
4.842
2.030
5.467
1.717
2.655
-1.095
-0.783
-2.970
-0.470
-2.033
-0.783
-5.470
-4.533
-8.595
-5.158
-9.533
2.030
-5.158
6.092
0.467
8.592
6.092
9.217
6.717
6.717
-2.970
-2.970
-14.533
-14.220
-17.345
-2.970
-15.158
12.030
-2.970
17.030
12.030
16.717
8.905
8.905
1.717
2.030
-0.158
0.155
-7.033
-6.720
-10.783
-6.720
-11.720
4.842
-6.720
8.905
4.842
8.905
3.280
3.592
-3.595
-2.970
-7.658
-6.720
-9.845
-5.158
-8.595
0.155
-5.158
6.717
-0.470
12.342
6.717
13.280
10.155
10.155
-0.158
-0.158
-7.970
-7.345
-9.220
-4.533
-8.595
2.342
-4.533
9.530
2.342
13.592
9.530
12.342
5.155
5.155
-2.033
-1.720
-8.595
-8.595
-11.720
-7.658
-11.408
-3.908
-8.283
2.030
-4.220
6.405
2.030
7.655
5.467
6.092
-0.783
-0.783
-7.033
-4.845
-9.220
-0.783
-4.845
-0.470
-2.345
0.780
-2.345
4.842
0.780
6.092
4.530
4.530
1.405
2.655
1.092
6.405
2.030
6.405
3.905
4.842
0.780
1.405
-2.658
-1.408
-4.533
-1.720
-4.533
-2.033
-5.470
-1.095
-4.533
3.280
-1.720
3.905
-0.158
2.030
-0.158
2.342
-1.095
0.155
-4.533
-2.345
-6.095
-0.783
-5.158
2.967
-1.408
2.967
1.405
2.655
-0.158
0.467
-1.095
2.342
-0.158
5.155
2.030
6.405
3.905
6.717
3.905
4.217
-3.595
-2.033
-6.408
-5.470
-8.283
-3.595
-6.408
-3.283
-5.158
-1.095
-4.533
0.780
-2.345
1.717
0.155
3.592
0.467
2.655
-0.158
3.905
0.155
3.280
0.467
0.780
-1.720
2.655
-1.408
4.842
2.655
5.155
3.280
5.780
3.280
4.530
-2.658
-2.658
-7.345
-3.908
-7.033
4.530
-3.908
7.967
4.530
7.967
1.717
1.717
-4.533
-4.220
-11.720
-10.158
-12.033
-3.595
-10.158
6.092
-3.908
12.967
6.092
13.280
9.842
10.155
1.717
2.030
-6.408
-6.408
-11.408
-6.408
-11.095
0.467
-6.408
4.842
-0.158
6.092
3.280
3.592
-1.408
0.155
-2.345
0.780
-1.408
1.092
-2.033
2.655
0.780
2.342
-0.783
1.092
-1.408
4.530
0.467
5.467
2.967
3.592
0.780
1.405
-1.095
-0.783
-2.970
-1.720
-4.220
2.967
-2.658
5.467
2.967
4.842
0.780
0.780
-2.970
-2.970
-4.845
-2.345
-4.845
-0.158
-2.345
-1.095
-4.533
-1.408
-3.283
1.405
-1.720
2.030
0.155
2.030
-0.158
1.405
-2.033
1.092
-1.095
2.967
0.467
3.592
1.092
2.655
-1.095
-0.158
-2.970
0.155
-2.033
4.530
-0.470
5.780
4.530
4.842
0.467
0.467
-5.470
-3.908
-5.470
-1.408
-4.533
2.030
-1.408
4.530
1.717
4.842
1.092
1.405
0.155
0.467
-3.595
-3.283
-5.470
-1.720
-5.158
2.030
-2.033
3.592
0.780
4.530
2.967
2.967
-0.470
-0.158
-6.720
-5.783
-8.283
2.030
-7.345
8.905
1.405
8.905
7.655
8.905
3.592
3.592
-0.158
-0.158
-2.658
-1.720
-3.595
-1.408
-3.283
1.092
-2.345
2.967
0.155
2.967
-1.720
-1.720
-5.783
-4.533
-6.408
-2.658
-4.533
-0.783
-2.970
3.280
-0.783
6.405
2.967
6.717
3.592
4.217
0.155
1.092
-1.720
-0.158
-4.533
-2.658
-4.533
6.092
-3.283
8.905
6.092
7.967
4.842
4.842
-0.783
-0.783
-8.283
-6.408
-9.220
-3.595
-7.658
-0.470
-4.220
1.092
-0.783
1.092
-0.783
0.155
-3.595
-2.970
-5.158
-0.783
-4.220
4.530
-1.408
8.280
4.217
8.905
5.467
5.467
1.092
1.092
-3.595
-3.283
-4.845
-0.470
-4.220
0.467
-1.408
2.655
-0.158
4.842
2.655
5.467
2.342
2.967
-1.095
-0.470
-4.533
-4.220
-6.408
-1.720
-5.783
1.092
-2.033
1.717
-0.470
3.280
-0.158
2.967
0.467
0.467
-4.220
-2.970
-4.845
-0.783
-3.283
2.030
-2.658
4.842
2.030
5.780
3.280
4.530
-0.783
0.155
-4.220
-3.908
-7.658
-2.970
-7.658
4.842
-2.970
9.530
4.842
10.155
7.655
7.655
-0.158
0.467
-2.345
-0.783
-2.658
-1.720
-3.908
-0.158
-3.283
2.967
-1.095
4.217
2.655
3.905
0.467
0.467
-4.533
-4.220
-8.283
-2.970
-8.283
-0.470
-3.595
1.092
-1.095
2.655
-0.158
3.280
1.092
1.092
-2.033
-2.033
-2.970
0.467
-2.658
3.592
-0.158
6.092
3.592
4.530
1.717
1.717
-1.095
0.155
-0.783
1.405
-0.470
-0.158
-2.658
-0.783
-2.033
0.467
-0.783
0.780
-1.095
-0.783
-2.345
2.967
-1.095
2.967
0.467
4.217
2.655
3.905
0.780
1.092
-2.345
-2.345
-4.533
-0.783
-4.845
1.717
-1.408
1.092
-1.720
0.155
-1.408
-0.158
-2.033
0.155
-2.033
-0.470
-2.033
0.467
-1.720
1.717
-1.095
3.280
-0.470
4.217
0.467
3.280
0.780
2.342
0.467
0.467
-0.783
-0.783
-3.283
-1.720
-4.533
1.717
-2.345
3.905
0.780
3.592
2.030
2.655
-1.720
-0.470
-3.595
-1.408
-2.970
-0.470
-1.720
-0.158
-2.658
-0.158
-2.033
0.780
-0.783
1.092
-0.470
2.655
-0.470
3.592
2.030
2.967
-0.783
-0.470
-4.220
-2.345
-4.220
2.342
-2.658
4.217
2.030
5.467
3.905
5.155
2.655
3.280
0.467
2.342
-0.158
1.405
-3.283
-3.283
-7.345
-4.220
-7.345
2.030
-4.533
3.592
1.092
2.342
-1.408
-0.783
-2.970
-2.658
-4.220
-1.095
-4.220
-0.158
-3.595
3.280
-0.158
5.155
2.655
5.780
2.655
4.217
0.780
2.342
-0.783
0.780
-0.783
1.717
-0.783
1.405
0.155
1.092
0.155
0.155
-0.783
0.467
-0.783
0.780
-1.095
-0.158
-3.595
-2.970
-5.158
0.780
-3.283
2.967
0.467
2.030
0.467
1.092
-0.783
0.467
-1.408
-0.470
-2.033
-1.408
-2.658
1.717
-2.658
6.717
1.717
7.030
3.592
4.217
-3.908
-3.283
-7.033
-2.033
-6.720
1.405
-2.658
1.717
-0.158
0.780
-1.408
2.030
-1.095
3.592
0.780
3.905
1.405
3.280
-0.158
2.030
0.155
2.655
0.155
0.780
-3.908
-3.283
-5.470
-1.720
-4.220
-0.470
-2.970
1.092
-1.095
1.092
-1.095
5.155
0.467
6.717
4.217
5.467
0.155
0.780
-4.220
-2.970
-6.095
-2.658
-5.783
0.780
-2.970
6.405
0.467
8.592
6.405
8.280
3.905
4.530
-2.658
-1.095
-7.970
-7.033
-9.220
-2.970
-7.033
-0.158
-3.595
5.155
-0.470
7.030
4.530
6.717
3.592
3.592
-0.470
-0.158
-5.783
-4.845
-6.720
-2.345
-5.783
-1.095
-3.283
1.405
-1.720
3.592
0.780
4.217
1.405
4.217
0.467
0.780
-3.908
1.092
-3.595
6.092
1.092
6.717
4.842
4.842
1.405
1.405
-4.220
-2.033
-4.533
-0.783
-4.220
0.155
-2.345
2.030
-1.408
3.905
1.092
3.592
0.780
1.405
-3.908
-1.095
-3.908
1.405
-1.720
0.155
-2.658
-2.033
-4.533
-3.283
-4.845
-2.345
-3.908
3.280
-3.283
7.655
2.342
7.342
5.155
5.155
1.405
1.717
-4.533
-4.220
-7.033
-2.033
-5.783
2.655
-2.033
4.530
2.342
5.467
2.967
4.217
2.342
5.155
1.092
2.655
-1.095
-0.783
-4.845
-0.158
-5.158
4.530
-1.720
6.405
3.280
5.155
-0.470
-0.470
-6.095
-6.095
-8.908
-5.158
-9.845
0.780
-5.158
4.217
0.780
6.092
4.217
5.780
2.967
3.905
-2.033
-2.033
-5.158
-2.658
-5.158
-0.158
-2.658
-0.158
-1.720
-0.783
-2.033
1.092
-1.095
3.592
1.092
4.530
2.655
6.717
4.217
6.717
2.967
2.967
-0.470
-0.470
-7.033
-6.408
-7.970
-0.158
-6.720
3.280
-0.158
4.530
2.342
4.217
1.405
1.717
-2.033
-1.408
-3.283
-1.095
-3.283
0.155
-1.408
2.030
-0.158
2.967
1.092
3.592
1.405
1.717
-2.345
-1.720
-4.533
-2.658
-4.533
0.780
-2.970
1.405
-0.158
2.030
0.155
3.905
1.405
4.842
3.905
5.467
2.967
3.280
-2.033
-2.033
-6.408
-3.908
-6.408
-2.970
-5.783
0.155
-3.283
3.592
0.155
9.217
3.592
8.905
5.780
6.092
-1.095
-1.095
-9.220
-8.908
-11.720
-2.658
-8.908
2.967
-2.658
6.717
2.967
7.342
5.155
6.405
4.217
4.217
-2.033
-2.033
-5.470
-3.283
-5.158
0.467
-4.220
3.905
-0.158
5.780
3.905
5.467
2.030
2.342
-3.595
-2.970
-5.470
-3.283
-4.533
-3.595
-5.158
-1.720
-4.845
2.967
-2.345
6.405
2.655
7.967
6.092
6.405
0.780
0.780
-4.533
-4.533
-7.345
-5.783
-7.345
-0.783
-6.408
5.155
-0.783
7.655
4.842
7.342
6.092
6.092
2.342
2.342
-2.658
-2.033
-5.158
-2.970
-5.158
-1.720
-3.908
0.780
-2.345
3.592
0.780
4.217
2.655
2.655
0.155
0.467
-3.595
-3.283
-5.470
-2.345
-5.783
1.092
-2.345
3.905
0.467
5.780
1.717
5.780
0.780
2.030
-4.845
-4.533
-6.408
-2.970
-6.095
2.967
-2.970
6.717
2.967
7.655
5.780
6.092
-1.095
-0.783
-4.220
-2.345
-4.220
-1.408
-3.908
-1.720
-2.970
0.467
-2.658
4.842
0.467
5.155
2.967
3.905
-0.158
1.405
-0.470
1.092
-0.470
0.467
-1.095
0.467
-2.033
-0.158
-1.408
1.405
-0.783
1.405
-1.408
1.717
-1.095
3.592
1.405
2.655
-1.408
-1.095
-5.470
-3.595
-5.470
0.155
-3.595
2.967
-0.470
2.342
1.092
2.342
0.467
1.717
-1.095
-1.095
-3.908
-0.158
-2.970
3.280
-0.158
6.092
2.342
6.717
4.217
4.217
-0.783
-0.470
-4.220
-2.345
-4.220
-1.720
-4.533
-2.658
-5.158
2.030
-4.220
4.530
1.717
4.217
1.717
3.280
0.467
0.467
-2.345
-1.408
-2.658
-0.158
-2.033
-0.158
-1.095
-0.783
-2.658
0.155
-2.345
2.342
-0.470
2.967
1.092
2.967
0.467
1.405
-1.095
-0.470
-2.345
2.655
-1.408
4.217
2.030
4.530
1.405
1.405
-2.345
-1.720
-3.595
-2.658
-4.533
-2.658
-4.845
2.030
-3.283
5.155
1.405
5.780
2.967
3.280
-1.095
-0.470
-3.283
-1.720
-3.283
-0.783
-2.970
3.280
-2.033
5.155
2.342
3.592
-2.345
-1.095
-3.283
0.155
-1.720
-0.470
-2.658
-0.158
-2.658
3.592
-0.470
5.780
3.592
5.467
3.280
3.592
-2.970
-2.970
-5.783
-3.908
-6.095
-1.720
-4.220
0.780
-2.345
4.217
0.467
4.842
3.280
3.905
2.967
3.905
1.405
1.405
-2.033
-1.095
-4.533
-3.595
-6.408
-2.345
-6.408
1.092
-2.345
4.530
1.092
5.155
3.905
4.842
3.280
5.467
3.905
4.217
0.780
0.780
-6.095
-5.783
-7.658
-4.533
-7.658
1.405
-4.533
5.780
1.405
6.405
3.905
4.842
0.467
0.467
-4.220
-4.220
-7.345
-3.283
-6.720
2.655
-3.908
4.217
2.342
4.217
1.717
3.905
1.717
3.280
2.030
2.342
-2.345
-2.033
-5.470
-2.033
-5.158
2.030
-2.658
5.155
1.092
6.405
4.217
6.717
2.967
5.155
-2.658
-2.033
-5.783
-4.533
-6.095
-2.658
-6.095
0.155
-4.220
3.905
-1.408
4.530
2.030
4.842
2.030
2.030
-2.658
-2.345
-4.220
-2.033
-4.220
-0.783
-2.658
1.405
-2.033
2.967
-0.158
3.905
2.655
4.217
1.405
2.342
-0.470
-0.470
-4.845
-2.658
-6.408
2.655
-3.595
4.217
1.092
2.967
0.467
1.405
-1.095
0.155
-0.783
-0.158
