-2.652
1.723
-2.027
2.348
-1.089
2.348
-0.777
2.348
-0.464
2.036
-2.027
1.411
-2.027
0.786
-2.652
2.973
-3.277
1.411
-2.027
1.098
-1.089
2.036
-2.964
2.348
-2.964
1.723
-1.402
2.348
-1.089
2.348
-1.714
1.723
-1.402
2.973
-2.027
1.723
-2.027
1.098
-2.027
0.786
-3.277
1.411
-2.964
0.473
-2.652
2.348
-1.089
4.536
-1.089
2.348
-0.777
3.598
-2.339
2.036
-2.027
1.098
-2.027
1.411
-2.652
0.473
-2.339
1.098
-1.714
1.723
-2.027
1.723
-1.402
2.036
-1.402
2.036
-0.152
2.036
-0.777
1.098
-0.777
1.411
-3.277
1.098
-2.027
1.098
-2.339
1.411
-2.964
1.723
-2.339
1.098
-2.027
1.723
-0.152
2.973
-1.089
1.723
-0.464
2.973
-2.339
2.036
-1.714
0.786
-2.339
1.098
-2.339
1.098
-3.277
0.786
-2.652
1.098
-1.402
2.036
-0.777
1.723
-0.152
2.036
-0.152
2.661
-2.027
1.411
-1.402
1.411
-1.714
2.036
-1.402
1.098
-1.714
0.473
-2.027
2.036
-3.277
2.661
-3.277
1.723
-0.464
1.723
-0.464
2.036
0.161
2.348
-2.027
2.036
-2.027
1.098
-2.652
1.723
-2.027
-0.152
-2.027
1.411
-1.714
1.411
-2.027
1.723
-1.089
2.348
-1.089
2.661
-0.152
2.036
-1.402
1.098
-1.402
1.411
-3.277
0.786
-2.964
0.473
-1.714
1.411
-2.027
2.661
-1.714
2.036
-3.277
2.036
-1.402
2.036
-2.027
1.723
-1.714
0.786
-1.402
1.411
-1.402
2.973
-2.652
1.098
-0.777
1.411
-2.339
1.098
-1.402
0.473
-2.339
0.786
-1.714
1.411
-1.089
2.348
-0.777
2.661
-0.464
2.348
-1.714
2.348
-2.027
0.786
-1.089
1.098
-2.339
0.473
-2.964
0.161
-2.027
1.723
-2.027
1.723
-1.089
2.036
-1.714
2.036
-1.402
1.723
-1.402
1.723
-2.339
1.723
-2.964
1.411
-2.339
0.161
-1.714
1.098
-2.652
1.723
-3.277
1.098
-2.027
1.411
-1.089
2.036
0.161
3.598
-1.089
2.348
-1.402
2.661
-2.339
2.036
-2.027
-0.152
-2.027
0.786
-1.714
0.786
-1.714
2.036
-1.089
2.973
-1.714
7.661
-2.652
-1.714
-10.464
17.036
-6.089
6.723
-5.152
4.848
-5.152
8.911
-9.527
4.223
-6.714
0.786
-8.902
8.286
-4.839
7.661
-9.214
3.911
-6.089
9.848
-4.839
7.348
-6.714
5.786
-5.777
10.786
-6.714
7.973
-12.027
6.098
-0.152
5.473
-7.652
5.161
-8.277
4.848
-4.527
10.473
-1.089
3.911
-11.402
9.536
-6.089
1.098
-7.339
14.223
-6.402
10.473
-5.464
2.348
-10.464
6.098
-6.089
8.598
-0.777
10.161
-17.652
16.723
-12.339
2.973
-4.527
5.161
-4.527
11.411
-8.902
4.848
-5.777
5.786
-5.152
6.723
-4.527
1.723
-12.339
7.036
-12.339
14.848
-10.152
10.786
-8.902
10.161
-10.464
4.848
-8.589
5.786
-6.402
8.911
-4.839
14.536
-13.902
12.661
-2.027
5.786
-12.027
4.848
-7.652
10.161
-7.339
9.848
-4.839
2.036
-11.402
4.223
-4.214
8.286
-5.464
11.098
-7.027
5.473
-3.277
7.348
-2.964
12.036
-12.652
7.973
-9.839
3.598
-11.402
5.473
-4.527
4.223
-2.652
4.536
-3.277
10.786
-12.964
4.536
-17.339
16.411
-0.464
14.848
-7.964
9.848
-7.339
2.036
-6.402
12.661
-4.839
6.098
-17.339
19.848
-22.339
16.098
-20.464
5.786
-10.777
15.473
-9.214
0.473
-12.652
15.161
-10.464
16.723
-1.402
0.161
-19.214
13.911
-3.902
7.661
-10.777
7.661
-27.027
26.098
-27.027
7.348
-17.027
9.848
-5.152
4.223
-12.652
12.661
0.161
0.161
-8.589
27.036
-10.152
2.348
-9.214
9.536
-7.964
21.098
-17.964
15.161
-17.652
9.536
-12.964
10.473
-12.339
9.848
1.723
3.598
-20.464
10.786
-4.214
8.598
-1.402
5.786
-11.089
17.036
-12.964
21.411
-21.714
8.598
-17.027
8.598
-16.402
12.036
-10.464
10.786
-5.464
8.911
-14.527
33.286
-15.464
35.786
-22.027
5.473
-5.777
20.786
-35.152
25.786
-6.402
1.098
-12.027
19.848
-9.527
11.723
-32.652
36.411
-18.902
21.411
-17.339
25.786
-12.027
25.786
-34.839
42.973
-37.339
14.848
-28.589
56.723
-25.152
56.723
-13.277
8.598
-28.589
10.473
-14.527
5.786
-10.777
10.161
-0.152
14.223
-29.527
41.098
-41.089
12.661
-27.027
62.661
-21.402
7.348
-32.339
26.411
-59.839
16.723
-8.589
30.786
-44.214
27.661
-44.214
44.536
-35.464
48.598
-41.089
50.161
-41.089
42.036
-27.652
17.036
-27.652
34.536
-25.464
16.411
-22.964
18.286
-34.527
20.786
-30.152
48.286
-16.714
52.973
-32.339
47.036
-37.964
47.036
-32.652
8.911
-37.964
29.848
-27.964
51.098
-17.964
12.348
-56.089
38.598
-68.902
39.223
12.661
25.161
-52.964
-7.652
-54.527
74.536
-10.464
72.661
-56.089
52.036
-60.777
52.036
-17.339
12.661
-66.402
56.411
-33.902
41.723
-32.027
17.973
-49.214
28.911
-39.839
37.348
14.848
30.473
-33.589
20.473
-27.652
18.911
-31.402
8.911
-42.652
34.848
-0.777
-0.152
-25.152
8.598
-8.277
16.098
-16.089
14.223
-18.589
42.036
-17.027
42.036
-28.277
8.286
-31.089
7.661
-21.714
37.661
7.661
17.661
-8.902
-5.464
-13.902
7.036
-20.464
31.411
7.036
38.286
-22.339
-8.589
-38.902
17.661
-8.589
30.786
-26.714
43.286
-26.714
0.161
-28.589
19.848
-19.839
21.723
-16.089
7.973
-17.027
30.786
-11.402
16.411
-46.402
-3.277
-26.402
11.723
-13.902
24.223
7.973
24.223
-52.339
12.661
-49.839
27.973
-2.339
27.036
1.411
7.973
-13.589
0.161
-15.464
17.036
-10.777
26.723
-16.402
35.161
1.098
1.098
-32.964
28.598
-15.152
27.661
-7.027
11.723
4.848
5.161
-11.089
-1.089
-16.402
17.036
-15.777
7.973
-5.152
1.723
-9.839
15.473
-5.152
-5.152
-22.339
17.348
-19.839
22.973
-17.652
-17.652
-28.277
21.411
-17.964
22.036
1.098
9.223
-18.277
18.286
-31.089
13.911
-31.089
35.161
13.911
24.848
-21.089
-3.277
-15.152
13.598
-17.339
13.598
-6.089
0.786
-21.402
29.223
0.786
4.223
-12.964
1.098
-20.152
27.661
-2.964
26.411
-5.777
4.223
-12.652
0.473
-9.214
12.036
-1.402
9.536
-19.527
7.973
-20.777
4.848
-7.339
11.098
0.786
4.848
-3.277
-1.402
-12.339
9.848
-6.089
8.598
-10.152
-0.777
-7.652
16.098
-0.777
9.223
-17.339
3.598
-5.777
13.598
-7.652
12.348
-1.402
7.973
-10.464
3.598
-8.902
2.973
-5.464
0.473
-5.464
3.598
-1.402
0.473
-11.714
11.723
-8.902
15.161
1.098
1.098
-6.402
-0.152
-5.464
1.411
-7.339
0.161
-7.339
7.661
-1.089
3.286
-2.652
15.161
-2.339
12.348
-16.714
8.911
-18.277
15.473
8.911
12.661
-14.527
8.286
-15.777
7.661
2.973
6.098
-7.027
5.786
-7.027
1.723
-5.464
2.348
-3.902
4.223
-4.527
-0.464
-7.339
3.286
-2.027
9.223
-2.964
8.286
-9.214
16.098
-9.214
18.598
-7.027
-3.277
-12.027
2.973
-3.277
1.098
-3.277
2.036
-2.652
5.473
-0.152
5.473
-0.464
12.348
-1.402
-1.402
-12.027
1.098
-8.902
5.161
-4.839
8.598
1.411
5.473
-2.964
-2.964
-9.214
13.598
-7.652
10.161
-6.402
-5.152
-14.839
1.723
-13.902
14.223
0.786
14.223
-6.089
-0.152
-11.089
9.848
-0.152
8.286
-6.402
-5.152
-9.839
9.536
-7.964
12.036
1.411
1.723
-4.527
3.286
-3.589
5.161
-7.027
5.473
-4.839
5.473
-3.589
-1.089
-5.464
1.723
-4.527
3.286
-2.652
3.598
-4.839
11.723
3.598
4.848
-12.339
11.411
-7.027
12.348
-6.089
-6.089
-10.152
0.786
-7.027
4.223
-2.027
2.661
-0.464
2.661
-8.589
9.223
-8.589
10.786
-0.152
-0.152
-6.089
-0.464
-4.214
4.848
-1.089
3.598
-0.152
1.723
-6.714
3.598
0.473
3.286
-1.089
2.036
-0.464
3.598
-0.152
0.786
-4.839
-1.089
-7.964
-1.402
-8.277
7.348
-1.402
3.286
-3.902
2.973
-3.902
4.848
-0.464
3.598
-3.277
0.786
-3.277
1.723
-3.277
3.598
-2.652
1.723
-1.714
4.848
1.411
2.973
-2.027
0.786
-2.964
2.348
-4.214
7.661
-0.152
3.911
-3.902
-1.714
-5.152
1.723
-3.277
0.473
-3.902
2.973
-2.652
2.661
-2.027
2.973
-0.152
2.348
-3.277
1.723
-3.277
0.161
-6.089
4.223
-3.589
4.536
-0.777
0.786
-5.777
6.098
-2.964
5.161
-2.027
-1.402
-7.027
8.911
-2.339
9.848
-0.152
0.473
-4.527
-1.089
-6.714
0.161
-6.714
5.786
-3.277
5.473
-3.902
1.411
-4.527
2.661
-2.339
1.723
-2.339
2.348
0.786
2.348
-1.402
4.223
-0.152
3.911
-3.902
2.036
-2.964
5.473
0.161
2.661
-6.089
3.286
-4.839
3.598
-2.027
-2.027
-6.089
4.848
-3.277
4.848
-0.464
1.411
-3.277
3.598
-0.152
2.036
-2.027
0.161
-2.964
2.036
-2.027
1.723
-2.339
3.911
0.161
4.223
-3.277
-3.277
-6.714
4.848
-3.902
4.848
-0.464
2.348
-2.339
2.348
-0.464
0.473
-1.714
0.161
-2.652
2.661
-1.402
1.723
-0.777
2.661
-3.589
1.411
-4.527
4.848
1.411
2.348
-2.652
0.161
-2.339
3.911
-1.402
1.411
-3.277
2.973
-3.589
1.411
-1.402
3.911
-1.714
2.973
-3.277
1.411
-3.277
2.973
-1.402
-0.777
-3.589
-0.464
-2.652
2.348
-0.777
2.348
0.473
2.036
-3.589
1.411
-2.652
2.973
0.473
1.411
-0.464
0.473
-2.027
3.598
-0.152
3.598
-2.339
2.348
-2.339
3.911
-1.089
2.348
-4.214
2.036
-2.339
1.723
-0.777
2.348
-2.652
1.723
-2.964
2.973
-0.464
2.973
-2.652
5.161
-1.089
4.848
0.161
2.348
-2.027
0.473
-3.589
-0.152
-3.277
0.161
-3.277
2.036
-1.714
3.286
-0.464
1.098
-2.339
2.348
-0.152
2.348
-1.089
2.973
-1.402
0.473
-2.027
1.411
-2.027
2.973
-2.964
2.036
-2.339
2.661
-1.714
3.911
1.098
1.411
-3.589
2.036
-2.652
1.098
-3.277
-0.152
-3.589
2.036
-2.339
1.098
-0.777
2.348
-2.339
1.411
-2.964
4.848
-1.714
2.973
-1.089
1.411
-1.089
2.036
-0.777
1.411
-1.714
-0.152
-3.277
1.723
-1.402
1.723
-1.089
0.786
-3.589
1.411
-2.027
2.973
-0.777
1.098
-1.714
0.473
-2.964
2.348
-2.964
0.786
-3.589
3.286
-0.777
3.598
-0.777
-0.152
-2.652
4.223
-0.777
4.223
-2.027
0.161
-4.527
-0.777
-2.964
2.973
-0.777
2.661
-2.652
2.661
-1.714
2.036
-1.714
-0.464
-4.527
1.723
-3.277
1.098
-0.777
0.473
-1.714
4.536
-1.089
4.536
-0.777
2.036
-2.027
0.786
-2.339
1.098
-3.277
1.411
-3.589
4.223
-0.464
2.348
-2.027
2.973
-1.089
4.536
0.161
2.036
-4.839
-1.402
-5.464
2.973
-2.964
2.661
-1.089
1.411
-2.964
3.911
-1.402
5.473
1.411
2.973
-2.027
-0.777
-4.839
0.786
-6.089
2.973
-1.089
2.661
-1.089
2.661
-0.777
2.036
-1.402
1.098
-0.777
1.098
-1.402
0.473
-2.652
3.286
0.161
2.661
-1.714
-0.152
-3.277
2.036
-2.339
2.661
-2.027
-0.464
-2.652
2.348
-0.464
2.036
-2.027
1.723
-1.714
2.036
-1.089
1.411
-1.714
2.973
-1.402
2.661
-0.464
-0.152
-3.902
1.411
-2.964
1.723
0.161
2.036
-2.339
1.098
-1.089
2.036
-2.339
1.098
-1.089
2.661
-0.464
2.973
-1.714
0.161
-2.339
1.098
-1.714
2.348
-1.402
0.786
-2.339
-0.152
-2.339
1.723
-3.277
4.223
-0.464
2.973
-0.152
2.036
-1.714
0.161
-2.964
1.723
-1.089
2.348
-0.777
0.473
-1.089
1.098
-2.652
1.723
-2.652
2.973
-2.027
2.661
-1.089
2.348
-2.652
0.161
-3.277
1.411
-2.027
2.973
-0.777
1.411
-0.777
1.098
-2.964
3.286
-1.402
3.598
0.161
1.723
-3.277
0.473
-3.589
0.786
-3.589
2.036
-1.402
3.286
-0.464
2.348
-0.777
1.723
-1.402
2.036
-1.089
2.348
-0.777
-0.152
-3.277
1.411
-2.964
2.661
-1.714
2.036
-1.402
1.723
-0.464
2.973
-0.464
2.348
-0.777
0.786
-1.402
2.036
-2.652
0.473
-1.089
1.723
-1.089
1.723
-0.777
0.473
-2.652
2.348
-4.214
1.411
-1.714
2.661
-2.339
2.348
-0.464
2.973
-1.089
1.098
-2.652
1.723
-2.964
1.411
-1.714
1.098
-2.339
0.473
-2.027
1.098
-1.714
2.036
-1.714
2.036
-2.652
1.723
-1.089
2.973
-0.464
3.286
-0.464
2.036
-1.089
1.411
-2.652
2.036
-1.714
1.098
-2.964
-0.152
-2.964
1.411
-2.964
3.286
-1.089
2.661
-1.402
1.098
-1.714
2.036
-2.339
1.723
-0.152
1.098
-1.089
1.723
-2.339
2.973
-1.089
3.598
-0.152
1.098
-2.964
0.786
-2.652
1.098
-2.652
2.973
-1.089
2.036
-1.402
1.411
-2.652
3.286
-0.464
4.223
0.473
2.348
-2.339
-1.402
-3.277
0.161
-3.589
0.786
-2.652
3.286
-0.464
1.723
-0.464
2.661
0.473
2.973
-1.089
-0.152
-2.652
0.786
-1.714
1.098
-1.402
0.473
-1.402
0.786
-1.714
0.473
-1.714
0.786
-2.652
2.348
-1.402
2.036
-0.777
0.786
-2.339
2.661
-0.777
2.348
-0.777
1.411
-1.089
0.473
-2.339
2.036
-2.339
1.098
-2.027
2.348
-1.714
1.411
-1.714
2.036
-1.089
2.973
-0.464
2.973
-0.464
0.473
-2.027
1.098
-1.714
2.348
-1.402
-0.152
-2.964
0.161
-2.964
1.411
-1.402
1.723
-0.152
2.348
-0.464
2.661
-0.777
2.348
-1.714
0.786
-1.714
0.161
-2.964
0.161
-2.964
2.036
-2.027
1.723
-1.402
2.348
-1.714
1.098
-2.027
2.348
-2.339
1.723
-0.152
2.036
-0.777
2.348
-0.152
1.098
-1.402
0.786
-1.714
1.411
-1.402
0.161
-2.027
1.098
-1.714
2.661
-1.714
1.723
-1.402
2.661
-0.464
1.723
-0.777
1.723
-1.089
1.411
-0.777
2.973
-1.714
1.723
-2.339
2.973
-3.589
2.973
-2.652
0.786
-1.402
1.098
-1.089
1.411
-2.339
0.786
-1.714
0.473
-1.714
2.036
-0.777
1.723
-2.027
1.411
-1.089
2.036
-1.089
2.348
-0.777
1.723
-1.089
0.786
-2.027
0.786
-2.652
2.348
-1.089
2.973
-0.464
2.036
-0.152
1.411
-2.339
1.411
-2.339
0.473
-2.652
0.473
-1.402
1.411
-2.027
1.723
-1.402
1.723
-2.652
2.036
-2.652
1.098
-2.027
2.348
-2.027
1.723
-1.089
1.723
-0.777
0.786
-2.027
1.411
-1.714
1.723
-1.402
0.786
-1.402
0.473
-2.027
1.723
-1.089
1.723
-0.777
1.098
-2.027
2.036
-1.714
2.036
-1.402
1.723
-1.402
1.411
-2.027
1.411
-1.402
2.348
-0.777
1.411
-1.402
1.411
-2.339
0.786
-2.027
0.161
-2.027
1.411
-1.402
2.348
-0.464
2.661
-1.089
2.036
-1.402
2.973
0.161
1.723
-0.464
1.723
-2.339
0.473
-2.339
0.161
-2.339
0.161
-2.652
0.161
-2.339
2.036
-1.714
2.661
0.161
2.661
0.161
2.036
-0.777
1.411
-1.714
0.473
-2.027
1.098
-2.339
1.098
-2.027
2.348
-2.027
1.411
-2.339
0.786
-2.027
2.348
-1.089
2.973
0.161
1.098
-1.089
1.723
-2.339
1.723
-2.027
1.411
-2.339
0.473
-1.089
1.411
-1.714
1.098
-2.339
0.161
-1.402
2.036
-0.777
2.661
-0.152
1.723
-1.402
1.098
-1.402
1.723
-1.714
0.786
-2.339
1.098
-2.027
1.411
-0.777
2.661
-1.402
1.411
-0.464
1.098
-1.714
1.411
-1.714
0.786
-1.089
1.411
-2.339
1.411
-1.402
3.598
-2.652
1.411
-1.402
1.723
-1.089
1.098
-1.714
1.098
-1.714
1.723
-1.402
2.036
-1.402
1.098
-3.277
0.786
-2.964
0.786
-2.339
1.411
-0.777
2.973
-0.152
2.348
-1.089
1.411
-1.714
1.411
-1.089
0.786
-1.402
1.411
-2.964
1.723
-2.027
0.786
-1.714
2.661
-1.714
2.661
-0.777
1.411
-1.089
2.036
-1.089
2.348
-1.714
2.036
-2.027
0.786
-2.027
2.036
-0.777
1.723
-0.777
1.411
-0.464
1.411
-2.652
0.473
-2.652
0.473
-2.027
2.036
-1.402
1.723
-1.089
2.973
-0.777
2.036
-1.089
2.036
-2.027
1.098
-2.652
0.786
-1.402
2.036
-2.027
2.036
-2.652
2.036
-1.714
2.348
-1.402
1.411
-0.777
2.036
-0.464
1.411
-0.464
2.036
-2.027
1.098
-2.027
2.036
-1.714
1.411
-1.089
1.411
-1.402
0.473
-2.339
1.098
-2.027
2.661
-0.777
2.661
-0.152
2.973
-0.464
2.973
-0.777
2.973
-1.402
0.473
-2.652
0.786
-2.339
0.161
-2.027
1.098
-2.339
2.036
-2.339
2.036
-1.714
2.348
-0.152
2.661
-1.089
2.973
-2.027
0.473
-1.402
1.098
-1.714
0.786
-2.339
1.723
-1.089
1.723
-1.402
0.161
-2.027
1.098
-1.714
2.036
-1.402
2.036
-1.089
2.348
-0.464
2.036
-1.402
2.348
-1.714
2.036
-1.402
0.786
-3.277
1.723
-2.027
0.786
-2.964
1.411
-1.089
1.098
-2.339
2.973
-1.089
3.286
-0.777
2.036
0.161
1.411
-2.027
1.098
-2.652
0.786
-2.027
0.786
-2.964
1.098
-1.402
2.973
-1.714
1.723
-1.089
1.723
-1.089
1.098
-0.777
2.973
-0.777
1.723
-1.089
1.098
-1.714
1.098
-2.964
1.098
-2.027
0.161
-2.339
2.036
-2.027
1.723
-2.027
2.036
0.161
1.411
-0.152
2.973
-1.089
2.661
-1.714
2.661
-2.027
0.786
-1.089
1.411
-1.402
0.473
-2.027
1.411
-2.027
1.098
-1.402
1.411
-1.402
2.661
-1.714
2.348
-1.089
2.348
-1.402
3.286
-2.027
1.723
-2.339
1.723
-1.402
0.786
-2.652
1.723
-2.339
0.786
-1.402
1.098
-1.402
0.786
-2.652
1.723
-1.089
2.661
-0.464
2.348
-0.464
2.348
-0.464
2.661
-1.402
2.348
-1.714
2.348
-2.652
1.098
-3.589
0.473
-2.339
1.723
-2.339
2.661
-1.089
2.973
-0.464
3.286
0.161
1.411
-0.777
1.098
-2.652
1.411
-2.964
0.786
-2.339
1.098
-1.089
2.036
-1.714
2.036
-2.027
2.348
-1.714
2.036
-2.339
2.036
-1.714
1.723
-0.152
1.411
-1.402
1.098
-2.652
1.098
-2.339
2.036
-2.652
1.098
-2.339
1.098
-1.714
0.473
-0.777
2.661
-2.339
1.723
-1.402
2.036
-1.402
2.036
-1.402
1.723
-1.089
2.036
-2.339
1.411
-2.027
2.973
-3.589
1.723
-2.027
1.723
-1.089
1.723
-1.714
2.036
-1.089
1.411
-1.089
0.473
-0.777
1.723
-1.714
1.723
-1.089
1.411
-1.714
0.161
-2.339
0.786
-2.339
1.411
-2.027
1.411
-1.402
2.348
-0.777
2.661
-0.777
1.723
-1.089
1.098
-1.089
1.411
-2.027
1.723
-0.777
1.723
-1.714
1.098
-2.339
0.786
-2.339
0.786
-1.714
1.098
-2.027
2.036
-1.402
1.723
-1.089
1.723
-0.777
2.036
-1.089
2.348
-0.777
1.098
-1.714
1.411
-3.277
1.098
-2.027
0.786
-2.652
1.411
-2.027
1.098
-1.402
1.723
-0.777
2.036
0.161
1.723
-1.402
1.723
-1.402
1.411
-1.089
1.411
-1.714
0.473
-2.339
1.411
-2.652
2.036
-1.714
2.348
-1.714
2.036
-1.402
1.723
-1.402
2.661
-2.027
2.661
-1.089
1.098
-1.714
1.723
-2.027
1.723
-1.402
1.411
-1.089
0.473
-1.714
1.411
-2.652
1.723
-2.027
3.598
-1.714
2.661
-2.652
2.973
-0.464
3.286
-1.089
2.348
-0.152
1.411
-1.089
0.473
-1.402
-0.777
-2.339
-0.152
-2.339
1.098
-2.652
2.036
-1.714
3.598
-1.714
2.973
-1.089
2.661
-2.027
2.348
-2.339
1.411
-1.714
2.973
-3.902
1.098
-3.277
1.411
-1.714
1.098
-2.339
0.786
-1.714
2.348
-1.714
2.036
-0.464
2.036
-0.152
3.286
-0.777
3.286
-2.964
1.723
-3.277
0.786
-2.339
0.786
-2.964
2.348
-4.214
1.098
-2.339
2.661
-1.402
2.036
-0.464
2.348
-0.152
1.723
-0.464
1.411
-1.089
0.786
-1.402
1.098
-2.339
0.161
-3.589
0.786
-3.277
0.473
-1.402
2.661
-1.402
2.348
-1.402
2.973
-0.152
2.973
-0.464
1.723
-2.027
1.411
-2.339
1.098
-2.964
2.036
-2.964
1.098
-2.652
0.473
-1.714
2.036
-1.714
2.661
-1.402
2.348
-1.089
2.661
-1.089
3.598
-2.652
1.098
-0.152
2.036
-1.714
1.411
-1.714
1.411
-2.339
0.786
-2.964
1.723
-3.277
0.786
-1.089
2.348
-1.714
2.348
-0.777
2.348
-1.089
2.348
-1.089
3.286
-0.777
2.348
-1.402
1.098
-2.339
1.098
-2.964
0.161
-2.652
0.161
-1.402
2.661
-2.027
2.348
-0.152
2.348
-0.777
2.348
-0.152
1.723
-0.152
1.411
-2.027
1.098
-3.277
-0.152
-3.277
0.786
-2.339
1.098
-1.402
1.723
-2.027
2.348
-0.464
2.661
-1.402
2.661
-0.777
2.661
-1.402
1.098
-1.402
1.723
-1.402
1.723
-2.964
1.723
-2.027
0.786
-2.964
0.473
-2.339
2.973
-2.339
2.036
-1.089
2.348
-0.464
2.036
-0.464
2.348
-1.714
0.786
-1.714
0.473
-1.714
1.411
-3.902
1.723
-3.277
2.348
-2.027
2.036
-1.714
2.973
-2.027
2.036
-1.402
2.036
-0.777
2.036
-1.089
1.723
-2.027
2.661
-1.714
1.723
-2.964
0.473
-2.964
0.786
-2.339
0.786
-1.714
2.036
-2.027
3.286
-1.089
4.223
-0.152
3.598
-0.464
2.036
-2.027
0.473
-2.652
0.786
-2.964
0.473
-2.027
1.098
-2.652
1.098
-1.714
1.723
-2.027
2.036
0.161
2.661
-2.027
4.536
-2.027
2.661
-2.652
1.411
-2.027
0.161
-2.339
1.098
-2.339
1.411
-2.652
2.348
-2.027
1.098
-0.777
2.661
-1.402
2.348
-0.464
2.661
-2.027
2.661
-1.089
1.098
-2.339
1.098
-3.902
1.723
-2.027
1.411
-2.652
2.348
-2.027
1.411
-1.714
1.411
-1.714
2.973
-1.714
1.723
-0.777
2.036
-0.777
2.348
-1.402
2.973
-1.714
1.098
-2.027
1.723
-1.714
2.036
-2.027
0.786
-2.964
2.036
-2.339
2.036
-2.652
2.036
-1.402
2.973
-3.589
2.661
-1.714
2.661
-2.652
2.661
-2.027
2.036
-2.339
3.286
-2.964
0.786
-4.214
0.473
-1.402
3.911
-2.339
2.036
-2.339
2.973
-2.027
2.973
-1.402
3.286
-2.339
2.661
-2.027
2.661
-3.277
2.036
-3.277
2.036
-3.589
1.411
-2.652
2.661
-2.027
2.036
-0.464
2.036
-0.152
2.661
-1.402
2.348
-1.089
1.723
-2.027
1.411
-2.964
3.286
-3.277
1.098
-0.777
1.098
-0.777
1.723
-2.339
1.098
-1.089
2.036
-1.402
2.661
-0.777
2.348
-2.027
1.723
-1.714
1.098
-2.652
0.473
-2.339
1.723
-2.339
0.786
-1.402
1.723
-1.402
2.036
-2.027
1.411
-1.402
1.723
-1.714
1.723
-1.089
2.661
-0.152
2.973
-1.714
1.411
-1.714
1.723
-3.589
1.098
-2.652
0.473
-1.714
1.723
-1.089
0.786
-1.402
1.723
-1.714
1.723
-1.089
1.723
-0.777
2.036
-0.152
1.723
-1.089
1.411
-1.402
0.161
-2.652
0.161
-2.027
1.411
-1.714
0.786
-1.402
2.036
-1.402
2.036
-0.777
1.411
0.161
2.348
-1.714
1.411
-0.777
0.161
-2.027
0.786
-2.339
0.473
-2.652
0.786
-1.402
2.661
-1.402
2.661
-1.714
1.723
-1.089
2.661
-1.402
2.661
-0.464
2.348
-1.402
1.098
-1.714
0.473
-1.714
0.786
-2.027
0.473
-1.714
0.786
-2.964
2.973
-0.777
3.286
-1.402
1.411
-0.464
2.661
-0.152
1.723
-2.339
1.098
-2.339
0.161
-2.027
0.473
-2.339
2.036
-1.402
2.661
-1.402
2.036
-0.777
2.661
-0.464
1.723
-1.402
0.786
-1.402
0.473
-0.777
2.348
-1.714
1.723
-1.402
2.036
-1.089
1.098
-1.714
1.723
-1.714
0.161
-2.027
0.161
-1.402
1.411
-1.402
1.723
-1.402
2.348
-0.777
2.348
-1.089
1.723
-1.402
0.473
-3.589
0.161
-3.277
0.473
-2.027
1.723
-1.402
2.348
-0.464
2.661
-0.464
2.661
-1.402
0.786
-1.402
0.473
-2.652
1.723
-2.339
2.036
-2.652
1.411
-1.714
1.098
-1.089
1.098
-1.714
1.723
-1.402
2.348
-2.652
2.348
-1.714
2.036
-0.464
1.723
-1.402
1.411
-1.714
0.473
-2.027
1.098
-1.714
0.786
-1.714
0.473
-1.402
2.661
-1.714
1.411
-1.714
2.036
-1.714
1.411
-0.777
2.348
-0.777
2.348
-0.777
1.411
-2.339
0.473
-1.714
0.473
-1.714
0.473
-2.652
1.723
-2.027
1.723
-2.027
2.973
-0.464
2.973
-0.464
2.348
-1.714
0.473
-1.089
0.786
-1.402
1.723
-2.339
0.786
-1.714
2.348
-1.402
2.036
-1.402
1.098
-1.402
0.786
-1.089
2.036
-1.714
0.786
-1.089
1.723
-0.464
2.036
-0.464
1.098
-2.027
1.723
-2.027
1.411
-2.027
2.036
-2.027
1.411
-2.339
1.723
-1.089
1.411
-1.089
2.036
-1.089
1.411
-0.777
1.723
-2.027
2.036
-2.339
0.786
-1.402
1.411
-2.027
1.723
-2.964
0.786
-1.714
1.723
-1.402
2.036
-1.402
1.723
-0.464
1.723
-2.339
1.098
-1.714
2.036
-2.339
1.723
-1.402
1.723
-3.277
1.411
-1.089
1.723
-0.777
1.723
-1.714
2.036
-1.714
2.348
-1.714
2.036
-2.027
1.411
-1.402
1.098
-1.714
1.723
-1.714
2.036
-1.402
2.661
-1.714
0.786
-1.089
0.473
-2.652
0.161
-2.027
2.036
-1.714
3.911
-1.402
2.348
-1.714
2.036
-2.652
0.786
-1.402
1.411
-1.714
2.036
-2.964
0.473
-1.402
2.036
-1.089
1.411
-1.402
1.411
-0.777
1.723
-1.089
1.723
-0.777
2.036
-1.714
1.098
-1.402
1.723
-1.714
0.786
-1.714
1.098
-2.027
1.098
-0.777
2.348
-2.964
1.723
-2.964
1.098
-2.652
2.036
-1.402
0.786
-1.402
2.661
-1.714
1.411
-1.714
0.473
-1.402
2.348
-2.027
1.098
-1.402
1.723
-1.089
2.036
-2.027
1.411
-1.089
1.723
-1.089
0.473
-1.714
1.723
-1.714
1.411
-0.464
2.348
-2.027
1.098
-1.714
0.786
-1.402
0.786
-2.339
2.036
-2.027
2.036
-3.277
2.973
-2.027
1.723
-1.402
2.036
-2.027
2.348
-0.777
1.411
-0.777
1.723
-1.402
1.098
-1.089
1.723
-1.714
2.348
-2.652
0.786
-1.714
2.036
-0.464
2.661
-2.339
1.098
-1.714
1.411
-1.402
1.723
-1.089
2.973
-1.402
1.411
-3.589
2.036
-2.964
1.098
-2.964
1.411
-2.027
1.411
-1.089
2.036
-0.152
2.036
-0.777
2.973
-1.714
2.348
-1.402
2.348
-0.777
1.411
-2.027
1.411
-2.652
1.723
-3.277
1.098
-2.339
1.098
-1.089
2.661
-0.464
2.348
-0.464
2.348
-0.464
2.348
-1.402
1.098
-1.402
0.473
-2.339
0.473
-1.714
0.786
-1.402
1.411
-1.714
1.411
-2.964
1.411
-0.464
2.036
-1.402
2.348
-0.777
1.411
-0.777
1.411
-2.339
1.723
-1.714
2.661
-2.027
1.411
-1.714
1.723
-2.964
0.473
-2.964
1.098
-2.027
1.723
-1.402
1.723
-1.089
3.286
-0.777
1.723
-0.777
2.036
-1.089
1.411
-1.714
0.473
-1.714
1.098
-4.214
1.411
-1.714
1.411
-2.027
2.661
-1.402
2.661
-1.714
3.286
-1.402
3.286
-1.089
2.036
-1.402
1.411
-1.402
1.411
-2.027
2.036
-2.652
1.723
-2.652
1.411
-2.652
1.098
-1.714
2.036
-2.027
2.036
-1.402
2.036
-0.464
3.286
-1.714
1.723
-1.402
0.473
-1.714
0.786
-2.339
0.473
-1.714
1.723
-1.714
1.098
-2.339
3.286
-1.089
2.348
-0.152
1.411
-0.777
1.723
-1.402
1.098
-1.402
1.098
-1.714
1.098
-2.027
2.348
-1.714
2.036
-1.402
0.473
-1.714
1.098
-2.964
1.723
-1.714
2.036
-1.089
2.973
-0.777
2.348
-0.464
2.348
-0.464
1.411
-2.339
0.473
-2.027
0.786
-2.027
1.411
-2.652
1.098
-1.402
1.723
-0.464
2.036
-2.027
1.723
-1.402
1.098
-0.464
2.661
-1.714
2.036
-1.089
1.723
-1.089
2.348
-1.714
1.723
-2.652
1.723
-2.964
-0.152
-1.714
0.786
-1.402
1.723
-1.089
3.286
-1.089
3.286
-1.402
3.286
-1.402
1.098
-1.089
0.786
-1.714
0.473
-2.339
0.161
-2.339
1.723
-2.027
1.723
-0.464
1.723
-1.089
1.723
-1.089
2.036
-1.089
2.661
-1.089
1.723
-2.027
2.036
-1.714
1.723
-2.027
0.473
-2.027
0.161
-2.964
0.473
-2.027
2.348
-1.402
2.036
-0.464
2.348
-0.152
2.036
-0.152
2.036
-2.027
1.098
-0.777
0.786
-1.089
1.098
-2.964
1.098
-2.027
1.723
-2.027
1.098
-1.402
2.348
-1.714
2.036
-0.777
1.723
-1.089
2.036
-1.089
3.286
-1.714
1.098
-2.652
0.786
-2.027
0.786
-2.027
1.098
-2.652
1.098
-2.339
1.098
-1.089
2.036
-1.402
2.973
-0.464
2.348
-0.152
2.973
-0.464
1.411
-1.402
1.098
-2.027
1.098
-2.339
0.473
-2.652
0.473
-2.652
1.098
-1.402
2.973
-1.402
2.348
-1.089
2.348
-0.152
1.723
0.161
2.348
-0.777
1.098
-2.027
0.161
-2.027
0.786
-3.277
1.098
-2.652
0.161
-2.652
2.036
-1.402
3.286
-1.089
1.723
-1.089
2.036
-0.152
2.661
-0.464
2.036
-1.089
0.786
-1.402
0.786
-3.277
0.786
-2.339
0.473
-6.408
5.155
0.155
5.155
2.655
4.842
2.030
2.342
-1.408
-0.470
-3.283
-2.345
-3.595
0.155
-3.595
2.655
-0.470
3.905
0.155
3.592
0.467
2.342
-0.783
-0.158
-3.283
-2.345
-3.908
0.155
-3.595
0.780
-1.408
2.655
0.155
4.530
2.030
3.905
1.717
3.592
-0.783
-0.158
-2.345
0.467
-1.720
0.780
-2.970
-2.033
-5.470
1.092
-4.533
3.905
-0.470
3.280
-0.158
2.030
-1.095
2.967
-0.470
2.655
0.467
1.717
-0.470
1.717
-1.408
0.467
-2.033
-1.720
-4.845
-2.345
-4.845
2.342
-2.345
3.592
-0.470
4.530
2.342
4.842
2.030
4.530
1.405
1.405
-2.033
-0.158
-2.033
-1.408
-4.845
-3.283
-5.158
-2.033
-4.533
1.717
-2.658
3.592
0.155
5.155
2.342
4.842
2.342
3.905
1.092
2.342
-1.095
-1.095
-4.220
-3.595
-5.783
-1.720
-5.158
0.467
-2.345
4.530
-0.470
5.467
2.967
4.842
1.717
2.342
-1.095
0.155
-3.908
-2.658
-4.845
-1.720
-3.908
1.092
-2.658
5.467
0.780
6.092
2.030
2.342
-2.345
-1.408
-4.845
-3.283
-5.158
0.155
-4.845
3.905
-0.783
6.717
2.967
6.717
2.967
3.280
-1.720
-1.095
-4.220
-2.970
-4.845
0.467
-2.970
1.092
-0.470
1.717
-0.470
2.655
-0.158
3.592
2.030
3.280
0.155
1.717
-0.158
2.030
-0.470
-0.470
-5.470
-4.533
-6.720
-0.470
-5.783
3.592
-1.095
5.467
3.280
4.842
0.155
0.467
-2.345
-0.783
-2.970
-0.470
-2.345
0.467
-2.345
2.655
-1.408
2.967
0.155
3.592
1.092
2.655
-1.095
-0.158
-2.658
-1.095
-2.970
0.155
-2.345
1.092
-0.470
2.655
-0.158
1.092
-0.783
2.030
-1.720
4.217
0.467
4.530
-0.470
-0.158
-6.408
-4.220
-6.408
1.092
-5.158
3.592
-0.783
5.780
2.342
5.155
2.342
3.905
0.780
1.092
-2.970
-2.033
-5.783
-3.595
-6.095
2.030
-4.220
5.467
1.717
6.092
3.905
5.467
1.405
1.405
-5.158
-3.595
-7.345
-0.783
-6.095
4.530
-0.783
5.780
3.905
5.155
0.780
0.780
-3.595
-2.033
-2.970
-1.720
-3.595
0.467
-2.033
2.030
-1.408
2.655
0.467
3.905
1.405
2.342
-0.470
1.405
-1.095
1.092
-1.720
-0.470
-2.658
-0.470
-2.970
-1.408
-3.595
1.092
-2.970
5.155
1.092
5.467
2.342
3.280
-0.158
0.155
-3.595
-2.345
-4.845
-3.283
-4.845
0.467
-3.595
5.467
0.467
7.655
4.842
6.717
-0.783
-0.470
-7.345
-5.158
-7.658
-0.470
-5.470
2.967
-1.408
6.092
2.655
7.030
4.530
5.155
-1.408
-0.158
-4.220
-2.658
-6.095
-3.595
-6.095
0.155
-4.220
6.717
-0.783
9.217
4.530
8.905
3.592
3.905
-3.283
-2.970
-6.408
-4.533
-6.095
-2.658
-6.408
3.905
-3.283
6.405
3.905
5.467
0.155
0.780
-2.345
0.780
-2.033
1.717
-1.408
-0.158
-2.033
1.092
-2.345
2.030
-1.408
2.342
-1.095
0.155
-2.970
-0.470
-2.970
3.592
-0.783
4.217
1.717
2.655
-0.783
-0.470
-2.345
-0.158
-2.658
1.717
-1.408
2.030
-0.470
2.030
-1.720
-0.158
-3.283
-1.095
-3.283
1.092
-1.720
6.092
0.155
6.405
3.592
4.217
0.155
0.155
-3.908
-0.783
-3.908
-0.470
-2.345
0.780
-1.720
1.717
-0.783
0.467
-1.720
1.405
-1.095
2.967
-0.158
2.342
-0.158
0.467
-1.408
-0.783
-2.345
-0.783
-2.345
0.155
-2.345
1.092
-1.408
2.967
0.467
3.592
2.030
3.592
0.780
1.717
-2.658
-2.345
-5.158
-2.345
-5.470
2.967
-2.345
6.405
2.967
6.405
2.342
2.342
-2.658
-1.720
-3.283
-0.470
-2.658
-1.095
-2.658
-0.158
-2.658
0.780
-1.408
2.342
-0.470
1.717
-0.158
2.655
-0.158
2.030
-0.470
1.717
-0.470
2.030
0.467
1.717
-1.095
0.467
-4.845
-4.220
-6.408
0.155
-4.845
3.592
0.155
5.780
2.967
4.842
2.655
2.967
-1.095
2.030
-0.783
0.155
-26.408
43.280
-30.158
47.655
-18.908
28.905
-40.470
39.842
-19.220
29.530
-45.470
60.780
-27.033
13.280
-43.283
30.155
-43.595
55.467
-40.470
31.717
-34.845
31.717
-36.095
34.842
-21.095
74.530
-32.033
6.717
-37.658
56.092
-55.470
56.092
-51.095
27.967
-13.908
18.280
-20.470
5.780
-28.283
16.092
-17.345
28.905
-8.908
33.592
-26.720
25.467
-17.970
-1.095
-35.470
24.530
-36.095
24.530
-31.720
42.655
1.092
6.717
-40.470
31.405
-22.658
74.530
-29.533
74.530
-21.095
28.592
-19.845
18.905
-27.970
12.967
-26.720
67.030
-4.220
32.967
-53.908
13.280
-22.345
35.467
-27.970
50.467
-20.783
19.530
-46.095
18.592
-12.033
38.905
-19.220
22.342
-15.158
23.592
-47.345
26.092
-39.845
43.592
-38.595
62.030
-59.845
49.530
-67.658
23.280
-29.533
12.030
-29.533
64.842
-23.908
56.092
-33.908
46.092
-39.845
11.405
-52.658
29.842
-15.783
18.280
-19.220
37.030
-25.783
38.592
-29.845
52.030
-61.408
23.592
-61.408
29.530
-8.283
9.842
-53.908
9.217
-12.658
7.342
-25.158
17.967
6.405
21.092
-2.658
30.467
-20.158
0.155
-18.283
18.592
-10.158
26.405
-26.408
26.092
-18.908
23.905
-37.345
19.530
-40.158
24.842
-11.720
26.717
-11.720
24.842
-21.408
7.967
-24.533
17.655
-27.033
7.655
-33.595
21.092
-15.470
21.405
-4.220
9.842
-26.408
13.280
-26.408
13.592
4.530
11.717
-4.220
-1.720
-18.908
-4.220
-19.845
31.092
-12.658
28.592
-14.845
1.092
-16.720
16.092
-3.908
4.530
-14.220
14.217
-12.658
10.780
-7.970
10.780
-10.158
13.905
-8.908
7.342
-16.408
19.217
-15.470
17.967
-2.970
11.405
-5.783
8.905
-14.220
19.217
-13.595
13.280
-13.595
2.342
-17.033
12.342
2.030
12.342
-16.408
3.905
-14.845
18.280
2.967
17.030
4.842
4.842
-17.033
2.967
-15.158
-1.408
-15.470
10.780
-7.345
-2.970
-10.783
9.217
-10.783
16.092
2.342
11.405
-7.970
2.655
-12.970
5.155
-5.470
4.530
-6.720
5.780
-6.720
6.717
-11.720
9.217
-8.283
9.530
-8.283
15.467
-7.033
7.342
-15.783
6.717
-15.783
0.155
-21.095
2.030
-2.970
7.967
-2.345
13.280
-14.220
-2.345
-14.220
11.405
-6.095
12.030
-2.970
6.405
-4.533
10.780
-2.970
1.405
-7.658
3.592
-0.783
4.530
-2.658
12.967
-3.908
1.717
-3.908
2.967
-3.283
11.405
-13.908
12.030
0.467
4.217
-7.345
5.780
-4.845
2.967
-5.158
5.780
-1.720
10.467
3.280
10.780
-5.783
0.780
-8.283
1.405
-5.783
1.405
-6.408
3.905
-4.220
6.092
-5.783
6.717
-9.533
10.467
-6.720
2.967
-9.533
4.842
-6.408
1.717
-10.470
11.092
-0.470
2.030
-1.408
-0.158
-6.095
-2.345
-9.845
-1.095
-5.158
4.530
-7.345
3.280
-3.595
9.842
-5.470
9.842
-0.470
9.217
1.405
8.280
-2.033
2.967
-12.658
3.592
-15.158
5.467
-6.095
12.342
-5.783
12.342
-11.720
5.155
-12.033
8.280
-3.283
17.342
-2.033
12.030
-5.470
14.842
-6.720
1.092
-25.470
24.217
-12.345
12.030
-21.095
25.780
-26.095
12.967
-21.720
17.967
-2.345
9.217
-5.783
8.905
-22.033
7.655
-13.908
13.280
-7.970
8.280
-9.845
9.217
-7.970
18.280
-10.783
-0.158
-16.720
8.280
-9.845
3.280
-12.658
1.717
-15.783
-1.095
-14.533
6.717
-3.595
11.092
-3.283
5.780
-3.595
11.092
0.780
8.280
-2.033
3.280
-11.408
-7.345
-16.095
0.467
-12.970
17.967
0.467
21.405
5.780
14.842
5.467
5.467
-7.033
7.655
-8.595
-2.345
-16.408
5.155
-15.783
6.092
-9.533
2.655
-8.908
2.655
-10.783
5.155
-17.970
3.280
-20.158
7.342
-12.970
7.030
-6.408
7.655
-7.033
7.655
-8.283
6.405
-4.220
13.905
-0.470
17.967
-0.158
13.592
-2.658
9.217
-1.095
6.405
-0.158
0.780
-9.533
1.405
-9.220
3.592
-11.095
3.592
-13.595
0.155
-14.220
3.592
-4.845
8.592
-2.970
7.030
1.717
6.092
-7.033
2.967
-7.970
12.342
-2.658
9.842
-0.470
1.717
-3.908
2.967
-2.658
1.092
-12.658
2.655
-12.658
0.780
-4.533
2.030
-12.658
-1.720
-10.158
11.092
-1.720
10.780
2.655
5.780
1.405
7.030
-1.408
8.905
-1.720
5.467
-5.158
6.405
-6.720
-1.095
-8.595
7.030
-3.595
-0.783
-7.970
-0.470
-4.533
1.405
-5.158
3.280
-7.970
-3.908
-11.408
-3.908
-8.283
-3.595
-12.658
12.342
-3.908
14.217
8.905
14.217
1.405
3.905
-7.345
1.092
-4.533
1.405
-12.658
-1.720
-13.595
-1.720
-8.283
5.780
-5.470
5.467
-5.783
2.967
-2.658
-0.158
-6.720
1.405
-11.095
3.280
-7.033
0.780
-4.533
7.342
-4.845
5.155
-3.908
-2.033
-5.783
6.092
-3.908
16.092
3.905
14.217
-5.470
4.842
-5.158
8.905
1.405
9.217
-0.470
6.405
-1.095
15.155
-0.158
15.467
3.905
4.530
2.030
7.655
2.342
6.717
0.155
8.280
-2.658
7.967
2.967
9.842
4.530
7.342
2.342
2.342
-11.408
-2.970
-14.220
1.092
-5.783
4.842
-0.470
3.592
-4.533
1.092
-4.845
4.217
-9.533
1.717
-12.033
2.655
-6.720
-3.908
-13.283
-6.408
-13.908
-4.533
-9.533
-4.845
-10.158
-7.033
-12.345
-1.720
-11.720
3.905
-7.345
3.592
-6.095
-2.033
-6.720
0.780
-4.533
-0.158
-5.470
6.405
-0.783
3.905
-0.470
3.592
-2.345
6.717
-0.470
8.280
2.030
13.592
7.655
7.655
-4.220
10.780
-0.470
12.967
3.905
6.717
2.967
8.592
6.092
16.405
7.655
15.467
11.092
13.592
5.780
7.967
2.342
2.342
-6.408
-0.470
-7.033
-0.783
-2.345
7.342
-3.595
7.030
-2.345
4.530
-5.783
5.467
-9.533
-7.658
-15.470
-10.783
-17.345
-8.283
-14.220
-3.908
-12.345
-0.783
-4.533
0.467
-4.533
-3.283
-10.470
-3.283
-16.095
-9.533
-17.658
-7.658
-10.158
-2.345
-7.658
4.842
-2.970
6.092
0.155
8.905
5.780
7.967
-2.970
7.967
3.905
7.030
-3.283
9.530
-3.283
9.842
6.405
14.530
9.842
11.092
5.155
16.717
7.967
10.780
7.342
11.717
1.717
1.717
-6.095
9.530
-1.408
7.967
0.155
7.342
0.155
0.155
-5.158
-0.158
-3.283
-2.345
-6.095
-6.095
-14.845
0.155
-12.345
2.030
-1.720
6.405
-1.095
-1.095
-7.345
-6.095
-12.033
-4.533
-12.658
-2.033
-11.720
-9.220
-16.408
1.717
-16.408
8.280
-4.845
-4.845
-13.595
-4.845
-13.283
3.905
-5.470
12.342
3.592
15.155
5.780
11.405
5.780
10.780
3.280
4.217
-3.908
8.592
-4.845
17.342
8.592
12.030
1.092
8.280
-6.408
13.905
8.280
10.780
-3.908
-2.033
-7.658
6.717
-2.970
12.967
4.842
12.967
8.280
8.280
-8.595
-8.595
-17.970
0.467
-12.033
2.342
-8.283
-2.033
-14.845
9.530
-2.033
9.217
2.967
2.967
-16.408
-10.158
-20.470
-2.345
-10.158
-1.408
-6.720
2.342
-7.345
0.780
-10.783
7.655
0.780
8.280
4.530
4.530
-10.158
-2.658
-10.470
2.655
-2.658
5.467
-1.408
-1.408
-6.095
16.717
-2.033
17.655
11.092
11.092
-5.783
-3.283
-6.095
-5.470
-12.970
6.717
-6.720
13.280
5.780
11.405
1.092
7.342
2.655
2.655
-5.470
5.155
-2.345
3.280
-2.970
-2.970
-8.908
1.092
-6.720
3.905
-0.783
3.280
-1.408
2.342
0.155
1.717
-3.595
4.530
-0.158
2.655
-11.720
-8.595
-12.033
-2.033
-8.908
5.467
-2.033
5.467
0.467
2.030
-2.033
0.780
-4.845
-1.095
-5.158
0.780
-3.283
5.780
0.780
11.717
5.780
12.030
-1.720
-0.783
-2.345
7.967
-1.408
11.405
4.530
4.530
-8.283
-8.283
-14.220
-0.470
-11.408
12.030
-0.470
12.342
2.655
2.655
-2.970
6.717
2.030
2.967
-1.408
-1.408
-7.970
-4.845
-7.658
-7.033
-10.470
-1.095
-9.845
7.967
-1.095
10.467
-1.408
-1.408
-12.345
4.217
-10.783
4.217
0.467
5.780
1.405
5.467
1.717
4.842
0.467
4.217
-1.095
8.592
4.217
4.530
-0.158
1.717
-3.283
-1.720
-3.908
-0.783
-4.533
7.030
-1.095
10.467
5.467
10.467
8.592
9.217
2.655
6.717
1.717
6.717
-9.845
-6.408
-12.033
3.592
-6.720
3.280
-3.908
-3.908
-16.408
-8.908
-17.345
4.217
-8.908
4.217
-4.845
0.780
-4.845
2.655
-0.158
3.280
0.467
0.467
-11.720
-10.783
-15.470
1.092
-14.845
4.530
0.155
10.155
4.217
9.842
2.655
2.967
1.092
13.905
2.342
9.530
-1.408
6.405
-0.158
10.155
4.530
11.717
8.592
12.030
1.092
1.092
-5.783
-3.908
-7.345
-3.283
-6.408
1.092
-3.283
3.592
-3.595
3.905
0.467
2.655
0.155
5.467
1.092
4.217
-7.970
-7.345
-11.408
-3.283
-9.533
-1.408
-5.470
-3.908
-7.658
2.030
-6.720
4.530
1.405
9.217
2.342
7.967
-4.845
-2.345
-11.095
-11.095
-14.220
-1.720
-11.720
-2.345
-6.408
2.655
-4.220
14.842
2.655
14.217
4.842
13.592
3.280
15.467
9.217
10.780
7.655
10.780
7.967
8.280
6.717
7.030
-1.408
-0.783
-4.845
-4.220
-7.345
-3.595
-7.658
-1.720
-4.533
-2.658
-5.470
-2.658
-5.158
1.717
-3.283
-0.158
-8.283
-7.033
-10.783
-2.970
-7.345
-2.970
-6.095
-3.595
-11.408
-0.470
-11.408
3.592
-0.470
0.155
-7.970
5.155
-6.408
13.280
5.155
14.217
10.155
11.092
1.717
7.030
1.717
6.717
1.717
1.717
-3.908
-2.033
-6.095
4.217
-2.345
4.217
0.155
8.905
0.155
10.780
2.342
7.342
2.342
7.030
2.030
3.905
-2.658
-0.783
-3.908
0.155
-9.533
-8.908
-11.720
-7.033
-13.283
-2.970
-7.033
0.155
-3.908
2.967
-1.720
-1.095
-2.970
0.467
-4.533
-3.908
-6.408
-0.158
-4.533
1.092
-3.595
0.467
-4.220
9.530
0.467
12.030
8.592
8.592
-0.470
1.717
-0.470
5.467
0.155
8.905
5.155
11.405
4.842
5.467
-2.658
3.280
-2.970
3.592
-3.595
-3.283
-9.845
-6.720
-10.470
-1.720
-6.720
4.842
-2.345
7.342
4.842
8.280
2.967
2.967
-8.283
-3.595
-9.220
-1.095
-3.908
0.467
-2.033
-1.408
-4.845
-3.283
-6.408
-0.470
-5.470
1.717
-1.095
7.655
-0.783
13.280
7.655
12.030
5.155
5.467
-2.970
4.530
-3.283
5.467
-0.158
-0.158
-7.345
-7.345
-12.345
1.405
-12.658
7.655
1.405
7.342
3.280
6.717
3.592
5.155
-6.408
-5.158
-7.970
-7.033
-10.158
-3.283
-10.470
2.030
-3.595
3.905
1.405
6.405
2.030
6.717
1.717
2.030
-2.033
0.467
-2.345
-1.095
-3.595
2.967
-2.970
5.155
1.092
7.967
4.217
7.967
2.967
2.967
-1.095
-0.158
-2.970
6.405
-0.470
5.155
-0.158
-0.158
-8.283
1.717
-7.033
4.842
1.717
6.405
2.655
3.280
-13.595
-12.658
-19.845
-4.220
-16.095
1.405
-4.220
0.155
-1.720
4.530
-0.783
7.030
4.530
5.467
0.780
2.655
0.780
3.905
1.405
3.905
2.655
3.280
-6.095
-3.908
-6.720
-0.783
-4.845
-1.720
-5.783
4.217
-6.720
11.092
4.217
10.155
6.092
7.030
3.905
6.405
3.280
9.842
4.217
4.217
-6.720
-5.783
-8.595
-2.033
-6.408
1.717
-3.283
2.342
-0.783
0.780
-2.345
-0.783
-6.095
2.342
-6.095
5.467
2.342
4.530
0.155
0.155
-2.970
-1.408
-5.158
-2.658
-5.470
-2.658
-4.220
-2.970
-5.158
-1.095
-5.158
0.780
-2.345
3.905
0.155
4.217
2.342
2.655
0.467
5.155
1.405
4.530
-0.158
-0.158
-3.283
5.155
-1.408
5.780
3.905
3.905
-2.658
0.467
-3.595
4.217
0.467
6.405
1.717
2.655
-4.533
-2.658
-5.158
2.342
-2.658
4.217
1.717
3.592
1.405
1.405
-4.533
-4.220
-6.720
-4.845
-7.033
4.530
-4.845
7.655
4.530
8.592
4.217
4.217
-2.970
-2.033
-7.658
-1.095
-7.033
2.655
-1.095
2.655
-1.408
-0.470
-3.283
-3.283
-7.345
-3.595
-7.345
0.780
-5.158
2.655
-0.158
6.092
1.405
6.717
2.030
2.342
-4.533
-0.158
-5.783
4.217
-0.158
4.842
1.092
2.655
-2.033
-0.783
-7.970
-0.470
-7.345
11.405
-0.470
12.342
9.217
9.530
5.155
5.155
1.405
1.405
-2.658
-1.720
-8.595
-7.345
-10.470
-3.595
-9.533
6.717
-4.533
12.342
6.717
12.030
2.967
2.967
-3.908
-2.970
-6.720
-1.408
-5.470
3.280
-2.033
2.655
-4.845
-4.533
-10.158
-5.158
-11.408
-0.470
-5.158
5.155
-1.408
5.780
2.967
3.592
1.405
5.780
2.967
5.780
0.467
2.342
-1.408
1.092
-0.470
0.780
-2.033
-1.095
-5.158
1.717
-3.908
2.967
0.467
4.217
2.030
4.530
-1.408
-1.408
-8.595
-3.595
-8.595
2.030
-3.908
5.467
1.717
5.780
4.217
6.405
1.717
1.717
-2.970
-2.658
-6.095
-1.408
-6.408
3.905
-2.033
6.092
3.280
5.780
3.280
6.092
2.655
5.467
1.092
1.092
-5.783
-5.470
-8.595
-5.783
-7.658
-2.345
-6.408
5.780
-2.970
9.217
5.780
6.405
0.155
0.155
-3.595
-2.658
-4.533
1.405
-4.220
3.592
0.155
3.592
0.780
4.217
1.405
3.905
-1.408
0.467
-5.783
-5.783
-8.283
-1.720
-6.095
3.280
-1.720
4.217
1.405
2.655
0.155
4.842
-0.158
5.155
2.655
4.842
-1.720
-1.720
-6.095
-2.033
-6.095
3.905
-2.033
5.780
3.592
7.030
4.842
6.092
0.780
1.092
-0.783
0.467
-1.095
-0.158
-2.033
-0.470
-2.658
1.405
-1.408
0.467
-1.408
-0.158
-3.283
-1.720
-3.595
-2.033
-3.908
-1.720
-3.908
-2.345
-4.533
-2.033
-4.220
1.092
-2.033
2.967
0.467
1.717
-2.345
2.655
-1.408
3.592
0.780
4.530
1.405
2.967
0.467
2.967
0.780
3.592
0.780
3.592
1.092
2.342
0.155
4.842
2.030
5.467
1.717
2.655
-1.095
-0.783
-2.970
-0.470
-2.033
-0.783
-5.470
-4.533
-8.595
-5.158
-9.533
2.030
-5.158
6.092
0.467
8.592
6.092
9.217
6.717
6.717
-2.970
-2.970
-14.533
-14.220
-17.345
-2.970
-15.158
12.030
-2.970
17.030
12.030
16.717
8.905
8.905
1.717
2.030
-0.158
0.155
-7.033
-6.720
-10.783
-6.720
-11.720
4.842
-6.720
8.905
4.842
8.905
3.280
3.592
-3.595
-2.970
-7.658
-6.720
-9.845
-5.158
-8.595
0.155
-5.158
6.717
-0.470
12.342
6.717
13.280
10.155
10.155
-0.158
-0.158
-7.970
-7.345
-9.220
-4.533
-8.595
2.342
-4.533
9.530
2.342
13.592
9.530
12.342
5.155
5.155
-2.033
-1.720
-8.595
-8.595
-11.720
-7.658
-11.408
-3.908
-8.283
2.030
-4.220
6.405
2.030
7.655
5.467
6.092
-0.783
-0.783
-7.033
-4.845
-9.220
-0.783
-4.845
-0.470
-2.345
0.780
-2.345
4.842
0.780
6.092
4.530
4.530
1.405
2.655
1.092
6.405
2.030
6.405
3.905
4.842
0.780
1.405
-2.658
-1.408
-4.533
-1.720
-4.533
-2.033
-5.470
-1.095
-4.533
3.280
-1.720
3.905
-0.158
2.030
-0.158
2.342
-1.095
0.155
-4.533
-2.345
-6.095
-0.783
-5.158
2.967
-1.408
2.967
1.405
2.655
-0.158
0.467
-1.095
2.342
-0.158
5.155
2.030
6.405
3.905
6.717
3.905
4.217
-3.595
-2.033
-6.408
-5.470
-8.283
-3.595
-6.408
-3.283
-5.158
-1.095
-4.533
0.780
-2.345
1.717
0.155
3.592
0.467
2.655
-0.158
3.905
0.155
3.280
0.467
0.780
-1.720
2.655
-1.408
4.842
2.655
5.155
3.280
5.780
3.280
4.530
-2.658
-2.658
-7.345
-3.908
-7.033
4.530
-3.908
7.967
4.530
7.967
1.717
1.717
-4.533
-4.220
-11.720
-10.158
-12.033
-3.595
-10.158
6.092
-3.908
12.967
6.092
13.280
9.842
10.155
1.717
2.030
-6.408
-6.408
-11.408
-6.408
-11.095
0.467
-6.408
4.842
-0.158
6.092
3.280
3.592
-1.408
0.155
-2.345
0.780
-1.408
1.092
-2.033
2.655
0.780
2.342
-0.783
1.092
-1.408
4.530
0.467
5.467
2.967
3.592
0.780
1.405
-1.095
-0.783
-2.970
-1.720
-4.220
2.967
-2.658
5.467
2.967
4.842
0.780
0.780
-2.970
-2.970
-4.845
-2.345
-4.845
-0.158
-2.345
-1.095
-4.533
-1.408
-3.283
1.405
-1.720
2.030
0.155
2.030
-0.158
1.405
-2.033
1.092
-1.095
2.967
0.467
3.592
1.092
2.655
-1.095
-0.158
-2.970
0.155
-2.033
4.530
-0.470
5.780
4.530
4.842
0.467
0.467
-5.470
-3.908
-5.470
-1.408
-4.533
2.030
-1.408
4.530
1.717
4.842
1.092
1.405
0.155
0.467
-3.595
-3.283
-5.470
-1.720
-5.158
2.030
-2.033
3.592
0.780
4.530
2.967
2.967
-0.470
-0.158
-6.720
-5.783
-8.283
2.030
-7.345
8.905
1.405
8.905
7.655
8.905
3.592
3.592
-0.158
-0.158
-2.658
-1.720
-3.595
-1.408
-3.283
1.092
-2.345
2.967
0.155
2.967
-1.720
-1.720
-5.783
-4.533
-6.408
-2.658
-4.533
-0.783
-2.970
3.280
-0.783
6.405
2.967
6.717
3.592
4.217
0.155
1.092
-1.720
-0.158
-4.533
-2.658
-4.533
6.092
-3.283
8.905
6.092
7.967
4.842
4.842
-0.783
-0.783
-8.283
-6.408
-9.220
-3.595
-7.658
-0.470
-4.220
1.092
-0.783
1.092
-0.783
0.155
-3.595
-2.970
-5.158
-0.783
-4.220
4.530
-1.408
8.280
4.217
8.905
5.467
5.467
1.092
1.092
-3.595
-3.283
-4.845
-0.470
-4.220
0.467
-1.408
2.655
-0.158
4.842
2.655
5.467
2.342
2.967
-1.095
-0.470
-4.533
-4.220
-6.408
-1.720
-5.783
1.092
-2.033
1.717
-0.470
3.280
-0.158
2.967
0.467
0.467
-4.220
-2.970
-4.845
-0.783
-3.283
2.030
-2.658
4.842
2.030
5.780
3.280
4.530
-0.783
0.155
-4.220
-3.908
-7.658
-2.970
-7.658
4.842
-2.970
9.530
4.842
10.155
7.655
7.655
-0.158
0.467
-2.345
-0.783
-2.658
-1.720
-3.908
-0.158
-3.283
2.967
-1.095
4.217
2.655
3.905
0.467
0.467
-4.533
-4.220
-8.283
-2.970
-8.283
-0.470
-3.595
1.092
-1.095
2.655
-0.158
3.280
1.092
1.092
-2.033
-2.033
-2.970
0.467
-2.658
3.592
-0.158
6.092
3.592
4.530
1.717
1.717
-1.095
0.155
-0.783
1.405
-0.470
-0.158
-2.658
-0.783
-2.033
0.467
-0.783
0.780
-1.095
-0.783
-2.345
2.967
-1.095
2.967
0.467
4.217
2.655
3.905
0.780
1.092
-2.345
-2.345
-4.533
-0.783
-4.845
1.717
-1.408
1.092
-1.720
0.155
-1.408
-0.158
-2.033
0.155
-2.033
-0.470
-2.033
0.467
-1.720
1.717
-1.095
3.280
-0.470
4.217
0.467
3.280
0.780
2.342
0.467
0.467
-0.783
-0.783
-3.283
-1.720
-4.533
1.717
-2.345
3.905
0.780
3.592
2.030
2.655
-1.720
-0.470
-3.595
-1.408
-2.970
-0.470
-1.720
-0.158
-2.658
-0.158
-2.033
0.780
-0.783
1.092
-0.470
2.655
-0.470
3.592
2.030
2.967
-0.783
-0.470
-4.220
-2.345
-4.220
2.342
-2.658
4.217
2.030
5.467
3.905
5.155
2.655
3.280
0.467
2.342
-0.158
1.405
-3.283
-3.283
-7.345
-4.220
-7.345
2.030
-4.533
3.592
1.092
2.342
-1.408
-0.783
-2.970
-2.658
-4.220
-1.095
-4.220
-0.158
-3.595
3.280
-0.158
5.155
2.655
5.780
2.655
4.217
0.780
2.342
-0.783
0.780
-0.783
1.717
-0.783
1.405
0.155
1.092
0.155
0.155
-0.783
0.467
-0.783
0.780
-1.095
-0.158
-3.595
-2.970
-5.158
0.780
-3.283
2.967
0.467
2.030
0.467
1.092
-0.783
0.467
-1.408
-0.470
-2.033
-1.408
-2.658
1.717
-2.658
6.717
1.717
7.030
3.592
4.217
-3.908
-3.283
-7.033
-2.033
-6.720
1.405
-2.658
1.717
-0.158
0.780
-1.408
2.030
-1.095
3.592
0.780
3.905
1.405
3.280
-0.158
2.030
0.155
2.655
0.155
0.780
-3.908
-3.283
-5.470
-1.720
-4.220
-0.470
-2.970
1.092
-1.095
1.092
-1.095
5.155
0.467
6.717
4.217
5.467
0.155
0.780
-4.220
-2.970
-6.095
-2.658
-5.783
0.780
-2.970
6.405
0.467
8.592
6.405
8.280
3.905
4.530
-2.658
-1.095
-7.970
-7.033
-9.220
-2.970
-7.033
-0.158
-3.595
5.155
-0.470
7.030
4.530
6.717
3.592
3.592
-0.470
-0.158
-5.783
-4.845
-6.720
-2.345
-5.783
-1.095
-3.283
1.405
-1.720
3.592
0.780
4.217
1.405
4.217
0.467
0.780
-3.908
1.092
-3.595
6.092
1.092
6.717
4.842
4.842
1.405
1.405
-4.220
-2.033
-4.533
-0.783
-4.220
0.155
-2.345
2.030
-1.408
3.905
1.092
3.592
0.780
1.405
-3.908
-1.095
-3.908
1.405
-1.720
0.155
-2.658
-2.033
-4.533
-3.283
-4.845
-2.345
-3.908
3.280
-3.283
7.655
2.342
7.342
5.155
5.155
1.405
1.717
-4.533
-4.220
-7.033
-2.033
-5.783
2.655
-2.033
4.530
2.342
5.467
2.967
4.217
2.342
5.155
1.092
2.655
-1.095
-0.783
-4.845
-0.158
-5.158
4.530
-1.720
6.405
3.280
5.155
-0.470
-0.470
-6.095
-6.095
-8.908
-5.158
-9.845
0.780
-5.158
4.217
0.780
6.092
4.217
5.780
2.967
3.905
-2.033
-2.033
-5.158
-2.658
-5.158
-0.158
-2.658
-0.158
-1.720
-0.783
-2.033
1.092
-1.095
3.592
1.092
4.530
2.655
6.717
4.217
6.717
2.967
2.967
-0.470
-0.470
-7.033
-6.408
-7.970
-0.158
-6.720
3.280
-0.158
4.530
2.342
4.217
1.405
1.717
-2.033
-1.408
-3.283
-1.095
-3.283
0.155
-1.408
2.030
-0.158
2.967
1.092
3.592
1.405
1.717
-2.345
-1.720
-4.533
-2.658
-4.533
0.780
-2.970
1.405
-0.158
2.030
0.155
3.905
1.405
4.842
3.905
5.467
2.967
3.280
-2.033
-2.033
-6.408
-3.908
-6.408
-2.970
-5.783
0.155
-3.283
3.592
0.155
9.217
3.592
8.905
5.780
6.092
-1.095
-1.095
-9.220
-8.908
-11.720
-2.658
-8.908
2.967
-2.658
6.717
2.967
7.342
5.155
6.405
4.217
4.217
-2.033
-2.033
-5.470
-3.283
-5.158
0.467
-4.220
3.905
-0.158
5.780
3.905
5.467
2.030
2.342
-3.595
-2.970
-5.470
-3.283
-4.533
-3.595
-5.158
-1.720
-4.845
2.967
-2.345
6.405
2.655
7.967
6.092
6.405
0.780
0.780
-4.533
-4.533
-7.345
-5.783
-7.345
-0.783
-6.408
5.155
-0.783
7.655
4.842
7.342
6.092
6.092
2.342
2.342
-2.658
-2.033
-5.158
-2.970
-5.158
-1.720
-3.908
0.780
-2.345
3.592
0.780
4.217
2.655
2.655
0.155
0.467
-3.595
-3.283
-5.470
-2.345
-5.783
1.092
-2.345
3.905
0.467
5.780
1.717
5.780
0.780
2.030
-4.845
-4.533
-6.408
-2.970
-6.095
2.967
-2.970
6.717
2.967
7.655
5.780
6.092
-1.095
-0.783
-4.220
-2.345
-4.220
-1.408
-3.908
-1.720
-2.970
0.467
-2.658
4.842
0.467
5.155
2.967
3.905
-0.158
1.405
-0.470
1.092
-0.470
0.467
-1.095
0.467
-2.033
-0.158
-1.408
1.405
-0.783
1.405
-1.408
1.717
-1.095
3.592
1.405
2.655
-1.408
-1.095
-5.470
-3.595
-5.470
0.155
-3.595
2.967
-0.470
2.342
1.092
2.342
0.467
1.717
-1.095
-1.095
-3.908
-0.158
-2.970
3.280
-0.158
6.092
2.342
6.717
4.217
4.217
-0.783
-0.470
-4.220
-2.345
-4.220
-1.720
-4.533
-2.658
-5.158
2.030
-4.220
4.530
1.717
4.217
1.717
3.280
0.467
0.467
-2.345
-1.408
-2.658
-0.158
-2.033
-0.158
-1.095
-0.783
-2.658
0.155
-2.345
2.342
-0.470
2.967
1.092
2.967
0.467
1.405
-1.095
-0.470
-2.345
2.655
-1.408
4.217
2.030
4.530
1.405
1.405
-2.345
-1.720
-3.595
-2.658
-4.533
-2.658
-4.845
2.030
-3.283
5.155
1.405
5.780
2.967
3.280
-1.095
-0.470
-3.283
-1.720
-3.283
-0.783
-2.970
3.280
-2.033
5.155
2.342
3.592
-2.345
-1.095
-3.283
0.155
-1.720
-0.470
-2.658
-0.158
-2.658
3.592
-0.470
5.780
3.592
5.467
3.280
3.592
-2.970
-2.970
-5.783
-3.908
-6.095
-1.720
-4.220
0.780
-2.345
4.217
0.467
4.842
3.280
3.905
2.967
3.905
1.405
1.405
-2.033
-1.095
-4.533
-3.595
-6.408
-2.345
-6.408
1.092
-2.345
4.530
1.092
5.155
3.905
4.842
3.280
5.467
3.905
4.217
0.780
0.780
-6.095
-5.783
-7.658
-4.533
-7.658
1.405
-4.533
5.780
1.405
6.405
3.905
4.842
0.467
0.467
-4.220
-4.220
-7.345
-3.283
-6.720
2.655
-3.908
4.217
2.342
4.217
1.717
3.905
1.717
3.280
2.030
2.342
-2.345
-2.033
-5.470
-2.033
-5.158
2.030
-2.658
5.155
1.092
6.405
4.217
6.717
2.967
5.155
-2.658
-2.033
-5.783
-4.533
-6.095
-2.658
-6.095
0.155
-4.220
3.905
-1.408
4.530
2.030
4.842
2.030
2.030
-2.658
-2.345
-4.220
-2.033
-4.220
-0.783
-2.658
1.405
-2.033
2.967
-0.158
3.905
2.655
4.217
1.405
2.342
-0.470
-0.470
-4.845
-2.658
-6.408
2.655
-3.595
4.217
1.092
2.967
0.467
1.405
-1.095
0.155
-0.783
-0.158
2.032
4.844
3.594
4.532
2.657
3.282
-0.156
-0.156
-4.218
-4.218
-6.093
-3.281
-6.093
2.344
-3.593
6.407
2.344
6.719
2.032
2.657
-2.656
-2.656
-5.156
-3.281
-5.156
0.157
-3.593
3.282
0.157
5.157
2.969
4.532
1.719
1.719
-1.093
-0.781
-3.281
-2.968
-4.218
-3.593
-4.531
-0.781
-4.218
3.594
-1.093
5.782
3.282
5.782
2.969
2.969
-0.781
-0.781
-2.343
-0.781
-2.343
-0.781
-1.718
-1.093
-2.343
0.469
-2.031
1.407
-0.156
1.407
-0.781
0.157
-1.406
2.657
-0.468
3.907
2.657
3.594
2.344
2.969
0.782
1.094
-3.906
-3.593
-7.343
-4.843
-7.656
0.157
-5.156
5.469
0.157
6.094
4.532
5.469
2.657
3.282
0.157
0.782
-1.093
-0.781
-5.156
-4.843
-6.718
-1.718
-5.781
4.532
-2.031
5.782
4.532
5.782
2.657
2.969
-2.031
-2.031
-4.531
-2.343
-4.531
1.719
-2.343
3.907
1.407
3.282
1.719
2.032
-0.156
-0.156
-1.093
-0.468
-2.031
-1.718
-2.656
-1.093
-2.343
-0.156
-1.718
1.407
-0.781
2.657
0.782
3.594
2.344
3.594
2.032
2.032
-1.718
-1.718
-3.281
-1.718
-3.281
-0.781
-2.656
1.407
-1.093
1.407
-0.156
2.344
-0.781
2.969
1.094
3.282
1.094
1.719
-0.156
1.094
-1.093
-0.468
-2.343
-0.156
-2.656
1.719
-2.031
1.407
-2.968
-0.781
-4.531
1.719
-4.531
5.157
1.094
5.469
2.657
2.969
-1.718
0.157
-2.343
0.782
-1.406
0.469
-1.406
0.157
-2.968
-2.656
-3.906
-0.156
-3.593
3.907
-0.156
4.532
3.282
3.907
1.094
1.094
-1.093
-0.781
-1.406
1.094
-0.781
1.094
-0.468
-0.156
-1.406
-1.406
-2.343
-1.093
-2.343
-0.156
-1.093
1.407
-0.781
3.594
1.407
3.907
2.657
2.969
-0.156
0.157
-1.718
-1.718
-2.656
-2.343
-3.593
-2.343
-3.593
0.782
-2.656
3.594
0.782
3.594
2.969
3.907
2.344
2.657
0.157
0.157
-2.656
-2.656
-4.218
-2.656
-4.531
2.032
-3.281
6.094
1.407
5.782
2.344
2.657
-1.406
-1.093
-3.593
-2.031
-3.593
-1.406
-3.281
1.407
-1.718
3.594
0.469
3.907
2.344
2.969
1.407
1.407
-1.718
-1.718
-3.593
-2.968
-4.218
-0.781
-4.218
1.094
-1.718
1.719
0.469
2.969
1.094
3.907
2.657
4.219
2.344
2.344
0.157
0.157
-3.281
-2.968
-6.093
-3.906
-6.093
1.407
-4.218
4.844
1.094
5.469
3.594
4.219
1.094
1.094
-2.031
-1.093
-2.343
-1.718
-2.968
-2.656
-3.593
2.344
-2.968
4.532
2.344
3.907
0.469
0.469
-1.406
-0.781
-1.718
-0.781
-2.968
-1.093
-2.968
2.969
-1.093
5.782
2.657
5.469
2.969
2.969
-2.968
-2.968
-5.468
-1.406
-4.531
0.469
-1.718
0.782
-0.468
0.782
-0.468
1.094
0.469
1.094
-0.156
0.782
-0.156
1.094
-0.156
1.719
0.782
2.032
1.094
1.094
-1.718
-1.718
-3.906
-2.343
-3.281
-0.468
-2.968
3.594
-0.781
4.532
2.969
4.532
2.032
2.032
-1.093
-1.093
-2.656
-0.468
-2.656
1.407
-1.093
1.407
-1.093
-0.156
-2.343
-1.718
-2.968
0.469
-2.343
3.907
0.469
4.219
3.282
3.594
0.469
0.782
-1.093
-0.468
-2.031
-0.781
-1.718
0.469
-1.093
0.157
-1.718
-1.093
-2.031
1.719
-1.093
2.344
1.719
2.344
0.469
0.782
-0.468
-0.468
-1.406
-1.093
-2.031
0.157
-1.406
1.407
-0.156
1.407
-0.468
0.157
-0.781
0.157
-0.781
0.157
-1.406
1.094
-0.468
2.032
1.094
2.032
0.157
1.407
0.469
1.407
-0.468
0.469
-1.718
-1.406
-3.281
-2.343
-3.593
0.157
-2.343
0.469
-0.468
2.969
0.157
4.532
2.969
4.532
2.032
2.344
-2.343
-2.343
-4.531
-2.343
-4.218
-0.781
-2.968
1.719
-0.781
2.969
1.407
3.594
2.969
3.282
1.407
1.719
-1.406
-1.406
-4.843
-4.531
-5.781
-0.781
-5.781
5.782
-0.781
7.032
5.782
6.094
1.407
1.407
-3.281
-2.968
-4.843
-4.218
-5.156
-1.093
-4.531
2.657
-1.406
6.407
2.344
7.344
6.094
6.719
2.969
2.969
-2.656
-2.656
-7.656
-7.656
-8.593
-2.968
-8.281
3.594
-2.968
6.407
3.594
6.094
4.532
4.844
2.969
2.969
-0.781
-0.781
-4.531
-4.531
-5.468
-2.343
-5.156
1.407
-2.343
3.907
1.094
3.907
2.969
3.282
0.782
0.782
-4.843
-4.843
-19.531
1.094
-19.531
5.157
0.782
5.157
-12.343
25.782
-3.281
28.907
4.844
15.157
-22.656
8.282
-8.906
7.344
-7.656
16.719
-14.531
14.844
-2.968
13.907
-23.593
22.969
-3.906
19.844
-18.906
11.407
-17.656
19.532
-6.718
8.594
-26.718
21.407
-26.093
38.594
-11.093
2.032
-22.031
1.719
-41.093
21.407
-32.031
28.282
-15.781
8.907
-8.281
14.844
-23.906
12.032
-13.906
12.657
-14.218
27.657
-5.468
13.907
-23.906
10.782
-27.343
10.157
-12.343
23.907
-16.093
21.719
-9.843
19.532
-16.718
24.219
-13.281
34.844
-20.468
29.532
-23.906
11.407
-12.656
24.844
-21.406
25.782
-27.031
10.782
-26.718
27.032
-14.843
15.469
-18.593
49.532
-1.718
37.657
-6.093
0.782
-26.093
2.657
-38.281
26.094
-8.281
14.844
-18.906
4.844
-22.343
5.157
-22.031
19.219
-28.593
32.657
-25.781
17.032
-9.531
20.469
-7.031
-7.031
-27.031
20.469
-27.656
50.157
-14.531
33.594
-5.781
14.219
-19.531
26.407
-18.593
28.282
-23.906
28.282
-34.531
28.907
-12.031
15.157
-28.906
8.907
-28.281
42.344
-2.656
24.532
-4.843
13.907
-25.468
9.532
-32.968
10.782
-31.406
9.844
-15.156
30.157
-19.531
13.282
-27.656
30.157
-20.781
16.719
-26.406
16.719
-17.656
9.219
-23.281
24.532
-7.656
16.719
-17.656
17.657
-2.343
19.844
-21.718
14.219
-19.843
16.407
-38.593
16.719
-22.031
1.719
-16.718
26.094
-13.281
18.282
-8.906
23.907
-2.343
11.094
-10.468
1.094
-27.656
10.782
-20.468
5.782
-4.843
-1.093
-36.093
6.094
-11.093
26.094
-2.656
32.032
5.782
15.782
-8.906
7.032
-25.781
-1.406
-18.906
19.844
-22.968
16.719
-30.468
27.032
-2.343
17.032
-7.656
11.719
-24.531
5.469
-7.656
6.407
-3.906
7.032
-8.906
8.282
-16.093
8.594
-9.531
20.782
-7.968
5.469
-13.281
15.469
2.032
9.844
-1.718
5.469
-14.843
-3.281
-16.093
14.532
-11.406
15.782
-5.781
3.594
-5.156
3.907
-13.281
15.469
-0.468
7.969
-4.531
-2.031
-8.906
15.782
-7.968
15.782
-20.781
7.969
-9.843
11.407
-12.343
14.532
-1.093
3.594
-12.343
-1.718
-16.718
10.157
-10.781
12.657
-5.468
4.219
-7.343
2.969
-11.406
8.907
-0.468
14.219
-13.593
13.594
-7.656
3.907
-8.906
4.844
-16.406
4.219
-7.031
8.282
-4.218
9.844
-5.781
8.594
-4.531
7.657
-12.656
5.782
-13.593
3.907
-5.781
8.282
-11.406
9.219
-3.281
7.969
-10.468
2.657
-10.468
10.469
-7.968
10.782
2.969
9.219
-2.031
7.969
-0.156
3.907
-10.156
7.969
-5.781
11.094
-5.781
5.782
-5.468
2.032
-7.968
3.282
-4.218
12.969
-2.031
5.469
-7.031
8.282
-1.718
8.907
-5.781
4.532
-12.031
1.719
-7.343
2.969
-6.406
1.407
-8.593
7.657
-6.406
7.657
-0.156
6.407
-3.281
3.907
-5.156
1.407
-11.718
-7.343
-15.781
1.719
-15.156
10.469
-3.281
4.532
-3.593
12.344
2.344
9.844
-6.406
3.907
-8.593
2.969
-9.218
1.094
-5.468
3.282
-5.156
4.219
-4.531
7.344
2.344
12.032
4.844
11.407
-1.718
4.844
-9.218
4.844
-13.281
0.782
-4.531
2.344
-6.406
11.407
-6.093
12.344
-3.593
10.469
-9.531
5.157
-7.343
0.782
-8.906
4.219
-7.031
13.282
-7.343
19.219
-1.718
10.469
-9.531
0.157
-6.406
5.469
-15.781
3.907
-12.031
2.032
-24.531
12.032
-14.218
22.657
-17.343
20.157
-30.156
23.282
-8.593
8.282
-13.593
37.344
-21.406
7.969
-30.468
24.844
-36.093
44.219
-11.093
29.219
-20.156
26.719
-19.843
51.719
-22.031
49.219
-66.406
45.469
-48.906
50.469
-45.781
21.719
-31.718
67.657
-36.718
47.657
-38.281
64.532
-55.781
71.094
-57.656
62.969
-74.843
41.407
-13.593
30.469
-47.656
44.844
-55.781
60.157
-42.656
39.844
-49.218
22.032
-27.031
26.407
-72.656
15.157
-35.468
46.719
-47.343
43.907
-39.843
23.282
-9.843
38.282
-7.031
29.219
-7.031
40.782
-11.718
20.469
-41.093
38.282
-23.593
67.657
-35.468
34.219
-21.406
22.032
-36.406
28.282
-36.093
10.157
-32.343
21.407
-55.781
33.907
-54.843
37.032
-18.281
38.282
-42.656
24.844
-43.593
42.032
-20.156
12.344
-0.781
31.719
-16.406
26.719
-44.218
21.407
-27.968
16.407
-19.531
31.719
-21.093
21.719
-11.406
37.344
-17.968
20.469
-20.156
25.157
-21.093
11.719
-32.031
24.532
-42.968
24.532
-24.531
19.219
-18.906
5.157
-23.906
31.094
-16.406
20.782
-14.843
26.407
-15.781
14.219
-9.218
11.407
3.594
26.719
-18.593
23.282
-22.656
16.719
-17.656
7.344
-10.468
10.157
-14.218
21.407
-9.218
17.032
-11.718
21.407
-23.906
21.094
-28.906
13.594
-8.281
12.657
-27.343
22.344
-27.968
22.969
-28.593
12.344
-14.531
14.532
-11.718
14.219
-11.406
9.844
-27.031
16.719
-15.156
2.032
-7.968
9.532
-7.968
17.032
-6.093
8.594
-5.781
24.532
-1.718
20.782
-4.218
11.094
-14.843
5.157
-16.093
2.032
-16.093
7.344
-14.218
-1.093
-18.593
17.032
-18.593
22.657
-11.406
22.344
-2.968
2.657
-19.843
1.407
-25.781
1.719
-12.343
0.469
-6.718
6.094
-11.093
8.282
-9.218
12.032
-3.593
6.719
-0.781
1.094
-13.906
2.344
-18.906
4.219
-12.656
10.157
-12.656
7.657
-11.406
9.844
-2.656
11.719
-7.656
11.094
-6.093
10.469
0.157
4.532
-4.531
9.844
-4.531
12.032
3.594
9.532
1.719
15.782
4.844
7.344
2.657
7.032
-5.781
4.532
-5.781
7.344
-4.843
14.219
4.532
13.594
3.282
12.344
-1.406
11.407
-1.718
7.032
1.094
11.094
1.094
5.157
-6.406
6.094
-1.406
6.407
-2.343
2.657
-8.593
-1.718
-10.781
-1.718
-12.031
-5.156
-19.218
0.157
-6.718
6.094
-4.843
2.969
-13.593
-7.343
-13.593
-0.156
-12.656
0.157
-12.031
-2.343
-18.281
-8.281
-17.968
7.344
-14.843
-0.156
-14.531
-1.093
-13.281
-2.031
-9.843
-0.156
-11.093
1.719
-12.656
5.157
-4.843
7.032
-0.781
5.782
-1.718
4.532
-7.656
4.844
-7.343
4.844
-2.656
12.032
4.532
9.844
5.157
17.032
4.844
13.594
7.657
16.407
9.532
16.719
4.532
16.407
2.657
13.282
0.782
12.969
4.219
11.094
2.969
11.094
3.282
5.157
-0.781
5.157
1.094
3.907
2.032
13.594
2.969
11.407
-4.843
1.719
-6.718
3.282
-12.968
0.782
-12.656
-0.156
-12.656
-9.843
-15.156
-10.468
-14.843
-4.218
-18.906
-4.218
-12.968
-10.468
-13.281
-10.156
-15.156
-8.906
-15.156
-5.156
-10.156
-2.031
-10.781
-2.343
-13.906
-0.468
-8.281
4.844
-7.343
2.032
-8.906
10.157
0.469
10.157
2.344
8.282
-0.156
8.282
1.719
17.032
7.969
18.282
5.782
20.157
13.907
17.344
7.657
18.907
8.907
13.907
3.594
9.532
2.969
9.844
2.657
17.969
8.282
14.844
9.844
10.782
-1.093
3.282
-1.718
0.782
-6.406
-0.156
-6.093
-6.093
-11.093
-3.906
-11.718
-4.218
-17.656
-8.906
-17.343
-9.218
-18.593
-10.781
-21.093
-6.093
-17.031
-4.531
-7.343
1.094
-6.093
-3.281
-17.968
-8.906
-17.031
-4.843
-10.156
-4.843
-8.906
5.157
-5.781
10.469
-1.093
10.469
5.782
12.969
4.532
10.469
4.219
12.969
5.469
10.157
3.282
10.157
0.157
13.282
1.407
13.907
3.282
9.219
3.282
12.032
5.469
10.469
7.657
11.407
2.657
7.969
3.282
9.532
3.282
3.282
-5.781
-1.406
-8.593
0.157
-5.781
2.657
-6.406
0.157
-9.218
-5.781
-8.281
-5.781
-8.281
-4.843
-9.843
-6.093
-10.781
-0.468
-8.593
1.719
-9.218
-9.218
-12.343
0.157
-11.718
-0.781
-7.031
2.969
-8.281
3.907
-2.968
2.969
-2.968
3.282
-0.781
6.407
-1.406
7.032
1.407
3.907
0.157
7.969
-0.781
7.657
2.344
4.532
-1.406
7.344
1.407
7.657
-1.093
9.219
5.157
9.844
5.782
7.344
-5.781
-4.531
-8.593
7.344
-5.156
8.282
2.657
5.469
1.719
7.657
4.532
11.094
0.782
5.782
-7.343
-2.968
-8.281
-2.031
-8.281
-1.093
-5.156
3.594
-2.343
-2.343
-6.718
2.344
-5.781
0.469
-1.718
1.719
-2.968
5.782
-4.218
-2.656
-9.218
-8.281
-15.468
-4.218
-10.468
1.094
-4.218
4.219
-3.281
6.407
2.657
2.969
-5.468
6.719
-3.906
8.282
-2.343
-2.343
-7.031
-1.093
-7.031
0.782
-3.281
4.844
-2.656
6.719
2.969
6.719
2.344
11.407
2.969
10.469
3.282
5.157
-2.031
-0.468
-5.468
-1.093
-5.468
-0.468
-6.093
1.094
-1.718
5.469
-0.468
6.719
2.032
7.969
2.657
4.844
-3.593
-3.593
-10.781
-0.781
-11.718
7.344
-0.781
7.657
5.157
7.969
1.719
2.032
-3.593
-3.281
-11.406
-5.781
-10.156
-3.593
-9.218
1.407
-9.218
3.594
-0.156
9.219
2.969
11.719
8.907
9.219
1.407
5.157
-4.218
-2.343
-7.343
-4.218
-12.656
-7.031
-12.031
0.469
-9.843
4.844
-2.343
7.657
3.282
10.469
3.907
10.157
-1.406
-0.156
-2.968
-2.031
-5.156
-1.718
-5.156
7.032
-2.656
7.657
4.844
4.844
-1.406
2.032
-1.406
2.344
1.407
2.344
-0.468
0.469
-2.343
2.344
-0.468
4.219
-0.781
4.532
1.407
7.344
2.032
3.907
-1.093
3.594
-0.156
0.157
-3.593
-0.156
-4.218
-0.781
-6.718
0.782
-2.343
0.782
-1.718
2.969
-2.968
-1.718
-6.406
-3.281
-6.406
0.469
-4.531
-3.593
-6.406
-3.906
-7.968
-5.781
-8.593
3.282
-6.093
6.407
1.719
4.219
-0.156
3.907
-2.968
9.219
2.344
10.782
6.407
7.969
3.907
7.657
1.719
2.344
-1.406
-0.781
-3.906
0.157
-3.906
5.782
-1.093
6.719
4.219
6.719
3.282
5.157
-4.531
-3.593
-9.531
-9.531
-13.281
-5.468
-10.156
-3.593
-6.718
-0.468
-4.531
2.032
-0.781
5.469
1.407
4.219
0.157
0.157
-4.218
0.469
-3.281
5.157
-0.468
4.219
1.719
2.657
-1.718
2.969
1.407
1.407
-2.968
-2.968
-6.406
-2.343
-6.093
2.969
-2.343
7.657
2.969
8.594
6.407
8.282
4.532
7.657
4.532
5.157
-2.968
-2.968
-10.156
-4.531
-10.468
0.469
-4.843
6.094
-1.093
4.532
-0.468
2.344
-0.781
6.094
0.782
3.907
-8.906
-8.593
-12.031
-7.968
-10.468
-9.531
-11.718
-4.218
-10.781
1.719
-4.218
8.594
1.719
13.594
8.594
12.969
6.719
6.719
-0.156
2.344
-3.906
0.157
-4.218
7.344
-0.781
9.532
7.032
10.157
5.782
8.594
1.719
2.032
-6.406
-6.406
-10.156
-5.781
-11.093
-2.968
-6.093
-0.781
-4.531
2.969
-0.781
4.844
-0.781
-0.781
-7.343
-3.593
-7.031
2.032
-3.593
-0.156
-2.031
0.469
-1.718
0.782
-1.093
2.344
-1.093
3.907
1.094
2.657
0.157
0.469
-0.468
1.094
-1.718
3.594
-1.718
5.469
1.719
6.407
4.219
5.782
-0.156
-0.156
-2.343
-0.781
-2.968
-1.093
-2.968
-0.468
-2.968
-0.468
-2.656
3.594
-0.468
4.532
2.969
3.907
0.782
1.407
-5.781
-3.906
-7.031
0.469
-4.531
2.344
0.469
2.344
-0.468
-0.468
-2.968
0.157
-2.656
0.782
-0.781
-0.156
-2.656
-2.031
-3.593
0.469
-2.031
4.219
0.157
3.907
2.032
4.844
2.344
3.594
1.407
2.657
-1.406
-0.468
-1.718
3.282
-0.781
3.594
2.344
2.969
-1.718
-1.718
-7.968
-7.968
-10.156
-0.468
-8.281
3.907
-0.468
3.282
1.094
1.407
-1.406
-0.156
-2.343
2.657
-0.781
2.969
-1.406
1.094
-2.031
1.719
-2.656
-1.718
-3.593
2.969
-2.031
7.657
2.657
7.969
5.157
6.407
4.844
7.032
3.594
3.907
-3.281
-2.656
-5.468
-3.593
-7.031
-2.031
-5.468
1.094
-3.281
0.782
-0.781
0.157
-2.343
-0.468
-3.281
0.469
-2.343
1.719
0.469
2.032
0.469
1.407
-4.531
-0.781
-3.906
-0.156
-1.718
0.469
-0.468
0.157
-1.093
0.782
-0.781
3.282
0.157
5.782
2.032
6.407
4.844
5.782
1.719
1.719
0.157
0.782
-2.968
-0.781
-3.281
1.094
-2.656
0.782
-3.593
-0.156
-3.593
0.782
-3.593
1.094
-2.656
-1.406
-6.093
-2.656
-6.093
1.407
-3.906
5.469
0.782
5.157
0.782
1.407
-1.093
0.782
-1.093
0.469
-2.656
-1.718
-2.968
-0.781
-2.656
4.219
-0.781
8.594
3.282
8.594
7.344
7.657
1.094
1.094
-1.718
1.719
-0.781
1.719
0.469
1.719
-2.031
-1.406
-5.781
-4.218
-6.406
-2.968
-5.468
-3.281
-7.343
-5.468
-8.593
-2.968
-5.781
0.469
-3.906
3.594
-0.156
3.907
1.094
1.719
0.157
1.407
-2.031
-0.781
-2.656
1.719
-2.968
3.594
1.407
6.719
3.282
7.657
6.094
6.719
5.782
6.094
3.907
4.219
2.032
4.532
2.344
2.969
0.782
0.782
-1.406
-1.093
-4.531
-4.531
-7.343
-6.718
-8.593
-2.031
-7.343
1.719
-2.031
2.657
-0.156
-0.156
-2.968
-2.031
-3.281
-2.031
-2.968
-0.156
-3.281
-0.156
-2.343
-1.093
-4.218
-0.468
-3.593
2.344
-2.656
4.219
2.032
4.532
2.344
4.844
2.969
4.844
2.657
3.282
0.157
1.094
-0.468
1.094
-0.781
0.782
-2.968
-1.406
-2.968
2.344
-2.968
3.594
1.719
4.219
2.344
2.344
-0.156
2.032
-0.781
0.782
-0.468
-0.156
-2.656
-2.656
-5.781
-2.968
-6.093
-0.156
-3.593
4.532
-0.156
4.532
2.344
2.344
-0.468
-0.156
-1.093
1.094
-0.468
1.094
-0.156
2.657
1.094
2.969
0.782
0.782
-3.906
-3.281
-4.531
-2.343
-3.906
-0.781
-2.968
0.469
-0.781
1.094
-0.156
0.782
-0.781
2.657
0.469
4.844
2.657
4.532
2.969
2.969
-2.343
-2.343
-6.718
-3.593
-6.406
-2.031
-3.906
2.657
-2.656
5.157
2.344
5.782
3.907
3.907
0.469
0.469
-2.031
-2.031
-3.906
-1.406
-2.968
-0.156
-1.406
-0.156
-1.406
0.469
-1.718
2.344
0.157
3.282
0.782
2.032
0.469
2.344
1.094
5.469
2.344
5.469
4.844
5.157
1.719
1.719
-5.468
-5.156
-9.218
-6.718
-8.906
-1.093
-6.718
2.657
-1.093
4.532
2.344
5.782
3.282
3.594
-0.468
-0.468
-5.156
-3.593
-5.781
-0.468
-4.843
1.094
-0.781
0.782
-0.781
0.782
-1.093
1.407
-0.156
1.719
-0.781
0.469
-0.781
0.469
-0.468
1.407
-0.156
1.407
-0.156
-0.156
-2.343
-1.093
-2.656
3.594
-1.718
6.094
2.969
5.157
2.032
2.032
-2.656
-2.656
-4.531
-2.343
-4.531
3.907
-2.656
8.907
3.594
9.532
7.657
8.594
2.657
3.907
-4.531
-3.593
-6.093
-2.031
-5.156
0.469
-2.031
1.719
-1.718
1.094
-1.718
-1.406
-4.531
-2.031
-3.906
-2.031
-3.593
1.094
-3.906
1.094
-2.031
-2.031
-4.218
-2.968
-4.843
-2.968
-4.843
1.094
-3.281
4.219
1.094
4.532
2.657
3.594
-1.093
0.469
-2.031
3.282
-0.468
4.219
1.407
5.469
3.282
5.782
3.594
5.469
4.219
4.844
2.657
4.219
1.407
2.032
-1.718
-1.406
-4.218
-2.968
-5.156
2.657
-2.968
5.157
2.344
4.532
-0.468
0.157
-4.531
-2.968
-7.968
-6.406
-10.156
-6.718
-10.156
0.157
-7.656
6.719
0.157
7.969
5.782
5.782
1.094
1.094
-4.843
-4.843
-7.968
-3.593
-8.593
2.969
-3.593
6.719
2.969
7.969
6.719
6.719
4.844
5.157
1.719
1.719
-2.343
-1.718
-3.906
-3.281
-4.531
-2.343
-4.218
2.969
-2.343
5.157
2.969
5.782
4.219
4.219
1.094
1.094
-1.093
-0.156
-1.406
-1.093
-2.968
-2.031
-3.281
-0.156
-2.343
1.407
-0.468
2.657
1.407
5.157
2.032
5.157
2.657
2.657
-4.218
-4.218
-6.718
-3.281
-6.406
1.094
-3.281
2.032
-0.156
2.969
1.407
2.032
-3.281
-2.656
-6.093
-3.281
-6.718
-1.718
-3.593
-0.156
-2.656
2.344
-0.468
2.344
0.157
2.969
0.157
4.844
1.719
4.844
1.407
1.407
-2.343
-1.718
-2.968
0.469
-3.281
4.219
-0.781
7.344
3.907
7.032
4.844
7.032
4.844
5.157
1.719
1.719
-2.031
-0.781
-3.593
-1.718
-3.906
-0.781
-2.343
-0.468
-2.031
-1.406
-3.906
-2.656
-4.531
-2.031
-3.906
-0.781
-3.906
1.407
-2.968
1.719
-1.406
1.094
-4.531
-3.906
-6.406
-2.656
-6.718
0.469
-2.656
2.032
-0.781
4.219
1.719
9.219
2.969
10.782
7.657
10.157
2.344
3.594
-5.156
-3.906
-7.343
-2.343
-6.718
1.094
-3.593
6.407
0.469
8.594
5.469
7.657
3.282
3.594
-0.781
0.157
-4.843
-3.906
-6.093
-1.406
-4.218
0.157
-2.031
0.469
-1.406
0.157
-1.406
-0.781
-1.718
0.157
-1.093
0.469
-4.531
-4.531
-7.031
-3.281
-6.718
2.657
-3.281
6.407
2.657
6.407
5.157
6.719
4.219
4.219
-3.281
-3.281
-8.593
-7.343
-9.531
1.094
-7.656
6.407
0.782
8.282
4.844
7.969
6.094
7.344
2.657
3.907
-3.281
-2.343
-8.593
-5.468
-8.593
-0.468
-6.406
3.907
-0.468
5.157
3.907
4.219
2.032
2.032
-2.343
0.157
-2.343
2.969
-0.156
2.657
1.407
2.344
0.157
0.157
-2.968
-1.406
-2.968
-0.156
-1.718
-0.781
-2.031
-1.406
-3.593
-2.968
-5.468
-3.281
-5.468
-0.156
-4.218
4.532
-0.468
7.344
4.532
7.344
4.532
4.532
1.094
1.094
-1.718
-1.718
-3.906
-3.593
-4.843
-1.406
-3.906
2.657
-1.406
3.282
2.344
4.219
2.969
2.969
2.344
2.344
0.157
0.782
-0.468
-0.156
-2.031
-2.031
-3.906
-3.906
-5.468
-0.781
-5.468
2.657
-0.781
5.157
2.657
4.844
2.344
2.657
-1.406
-1.093
-2.968
-2.343
-3.906
0.469
-3.593
3.594
0.157
4.532
3.594
3.594
0.157
0.469
-1.093
-1.093
-2.968
-2.656
-3.906
-1.406
-3.281
0.157
-2.968
2.344
-0.468
5.469
2.344
5.469
1.094
1.094
-4.218
-4.218
-6.406
-2.343
-6.406
2.657
-2.656
5.782
2.657
6.094
4.219
4.844
2.969
2.969
0.469
1.094
-0.468
-0.156
-2.656
-2.031
-3.281
-0.156
-3.593
1.719
-0.781
1.407
0.469
0.469
-2.343
-2.031
-3.281
-1.093
-2.968
1.094
-1.406
3.907
0.469
3.907
2.344
2.969
-0.781
-0.156
-2.968
-0.156
-3.906
0.157
-2.968
0.469
-2.968
-0.156
-3.593
1.719
-2.656
4.532
0.782
4.219
-0.156
0.469
-2.656
-1.718
-4.218
-2.656
-4.218
-1.406
-3.593
3.907
-2.343
7.032
2.657
7.657
4.219
6.407
1.407
1.719
-0.156
2.344
0.469
2.657
1.407
2.969
0.782
0.782
-3.906
-3.906
-6.093
-3.593
-6.406
1.094
-3.593
1.407
0.782
1.719
0.782
1.407
0.469
1.719
0.469
0.469
-2.968
-2.031
-3.281
-0.156
-2.031
0.469
-1.093
-1.093
-3.593
-2.656
-3.906
-2.031
-2.968
0.469
-2.031
1.094
0.157
4.219
0.782
6.719
4.219
6.719
3.907
3.907
-1.093
-0.781
-2.343
0.469
-1.718
2.032
-0.156
2.657
1.719
2.657
1.719
3.594
1.719
3.594
2.657
3.282
2.032
2.657
-1.718
-1.718
-8.593
-8.593
-10.468
-6.406
-9.843
-0.781
-6.406
2.032
-0.781
2.032
0.469
1.094
-0.156
0.782
0.157
1.719
0.469
2.344
1.407
2.032
-1.093
-0.156
-3.281
-0.781
-3.281
2.969
-1.093
5.469
2.657
5.157
3.282
3.594
1.407
1.719
0.469
1.719
0.157
1.719
0.157
2.032
1.094
1.407
-1.093
-0.781
-2.031
-1.406
-3.281
-1.406
-3.906
-2.968
-4.218
-2.656
-3.906
-2.656
-3.906
-0.156
-3.906
4.844
-0.156
6.407
3.907
5.782
3.282
3.282
-0.781
-0.468
-3.593
-3.281
-5.156
-4.218
-5.781
-0.468
-4.531
4.844
-0.468
7.657
4.844
7.344
4.219
4.532
-1.406
-1.406
-4.218
-1.406
-4.531
0.782
-2.343
3.282
0.157
2.969
0.157
0.469
-1.718
-1.093
-3.593
-1.718
-3.906
1.094
-2.031
2.969
0.782
3.282
2.344
2.657
1.094
2.032
0.157
0.157
-2.343
-2.031
-4.843
-3.281
-5.468
-0.468
-3.906
2.969
-1.093
3.907
2.032
3.907
2.344
2.969
1.094
1.407
-1.093
-0.468
-2.343
-2.343
-3.281
-0.156
-2.968
2.969
-0.156
4.219
2.344
2.344
-2.656
-2.656
-7.343
-3.906
-7.656
1.094
-3.906
4.532
1.094
4.532
2.657
2.969
1.719
3.594
2.032
2.657
1.719
2.344
1.719
2.969
1.407
2.969
0.469
0.469
-2.343
-2.031
-2.968
0.469
-2.656
2.032
0.157
2.344
0.782
1.094
-1.718
-1.406
-3.593
-2.656
-3.906
-3.593
-4.843
-2.343
-3.906
-2.031
-3.281
0.157
-2.343
4.219
0.157
5.157
3.907
5.157
1.407
1.719
-2.343
-2.031
-3.281
-1.406
-2.968
0.782
-1.718
3.594
0.469
5.157
3.594
5.782
4.532
4.844
0.782
0.782
-2.656
-2.656
-4.218
0.157
-3.593
1.719
0.157
1.719
-0.468
-0.156
-2.656
-1.093
-3.281
0.782
-1.406
0.782
-1.093
-0.156
-1.406
0.157
-1.093
-0.468
-1.718
0.157
-2.031
0.782
-0.468
1.094
-0.156
0.469
-0.781
0.157
-1.718
0.782
-1.718
2.969
0.782
5.157
2.032
5.157
0.782
2.657
-0.781
-0.468
-2.968
-2.031
-3.281
-2.031
-3.593
-0.156
-2.343
2.344
-0.781
3.594
2.032
4.844
2.969
5.157
2.344
2.344
-2.343
-2.343
-5.781
-4.531
-5.781
-2.031
-4.843
1.407
-2.031
2.032
0.157
1.407
-1.718
-0.156
-2.031
0.469
-1.093
1.719
0.469
1.407
-1.093
-0.468
-2.656
1.094
-2.656
2.657
-0.468
3.907
1.094
2.969
-0.468
0.782
-0.468
3.594
-0.781
5.782
2.657
6.719
2.032
3.594
-1.406
-1.093
-2.656
-0.781
-2.968
-2.031
-3.593
-2.343
-5.468
-4.843
-7.031
-2.968
-6.718
2.657
-3.593
8.594
2.344
8.907
5.157
6.094
-3.593
-2.656
-7.031
-4.218
-7.343
1.094
-4.531
3.907
1.094
4.219
2.032
5.157
3.282
4.844
2.657
2.969
-1.406
-1.406
-5.781
-2.656
-6.093
0.782
-3.281
4.844
0.469
5.157
3.907
4.532
2.032
2.032
-3.593
-2.343
-4.843
-2.031
-4.218
0.157
-2.343
1.719
-0.781
5.157
0.782
6.407
4.219
5.469
1.094
2.032
-2.031
-1.093
-6.406
-6.406
-10.156
-5.781
-10.156
1.719
-6.093
7.969
1.407
9.219
7.032
8.907
3.907
4.219
-2.031
-1.406
-7.343
-6.093
-7.968
-2.343
-6.406
-0.156
-3.593
3.594
-0.156
5.782
3.282
6.094
4.844
4.844
1.094
1.407
-1.406
-0.781
-2.656
-2.343
-3.593
-1.093
-3.281
2.032
-1.093
4.532
2.032
4.844
2.344
2.344
-3.281
-2.968
-6.093
-3.593
-6.093
2.032
-3.593
5.157
1.719
6.407
5.157
5.782
3.282
3.282
0.782
1.407
-1.718
-1.718
-6.718
-5.468
-8.906
-3.593
-8.281
0.782
-3.906
4.532
0.469
6.094
4.219
5.782
2.657
2.657
-0.468
-0.468
-4.843
-4.218
-5.781
-0.156
-4.531
2.657
-0.156
3.282
1.407
3.594
1.094
4.219
2.032
3.594
1.719
2.657
-1.093
-0.156
-2.968
-2.656
-4.843
-2.968
-5.156
-0.156
-4.531
4.219
-0.781
5.157
3.907
3.907
0.469
1.407
-0.468
0.782
-2.343
-1.406
-4.531
-3.593
-4.843
-0.781
-4.218
4.219
-1.406
7.032
4.219
6.407
5.157
5.157
0.157
0.469
-3.593
-3.281
-7.031
-5.468
-6.718
-0.156
-5.781
5.782
-0.156
7.657
5.782
6.719
1.407
1.407
-2.031
-1.406
-3.906
-2.343
-4.218
0.469
-4.218
3.282
0.157
3.594
2.032
2.344
-0.781
-0.468
-3.281
-2.968
-4.531
-1.718
-4.218
0.782
-2.656
2.657
0.157
2.969
1.719
4.219
2.657
3.907
1.094
1.094
-2.968
-2.343
-5.468
-4.218
-5.781
-0.156
-4.531
5.782
-0.156
9.532
5.157
9.532
6.407
6.719
-0.156
-0.156
-5.468
-5.468
-8.281
-5.781
-8.281
-1.718
-6.406
3.282
-1.718
5.469
2.969
5.782
4.844
4.844
-0.156
0.157
-4.218
-4.218
-6.406
-3.906
-6.406
0.782
-3.906
4.844
0.782
5.469
4.532
4.532
1.719
1.719
-0.781
-0.468
-3.281
-2.031
-3.281
-0.468
-2.031
4.219
-0.468
6.407
4.219
5.782
2.969
2.969
-1.406
-1.406
-5.156
-4.843
-6.406
-3.281
-6.093
0.469
-3.593
3.282
0.469
3.907
3.282
4.219
2.344
2.344
0.157
0.469
-2.031
-1.718
-2.343
-0.156
-1.718
0.157
-1.093
-0.156
-2.031
-0.468
-2.031
1.407
-0.468
1.094
-1.093
-0.781
-2.656
0.157
-2.343
3.282
0.157
4.219
3.282
3.594
