2.032
4.844
3.594
4.532
2.657
3.282
-0.156
-0.156
-4.218
-4.218
-6.093
-3.281
-6.093
2.344
-3.593
6.407
2.344
6.719
2.032
2.657
-2.656
-2.656
-5.156
-3.281
-5.156
0.157
-3.593
3.282
0.157
5.157
2.969
4.532
1.719
1.719
-1.093
-0.781
-3.281
-2.968
-4.218
-3.593
-4.531
-0.781
-4.218
3.594
-1.093
5.782
3.282
5.782
2.969
2.969
-0.781
-0.781
-2.343
-0.781
-2.343
-0.781
-1.718
-1.093
-2.343
0.469
-2.031
1.407
-0.156
1.407
-0.781
0.157
-1.406
2.657
-0.468
3.907
2.657
3.594
2.344
2.969
0.782
1.094
-3.906
-3.593
-7.343
-4.843
-7.656
0.157
-5.156
5.469
0.157
6.094
4.532
5.469
2.657
3.282
0.157
0.782
-1.093
-0.781
-5.156
-4.843
-6.718
-1.718
-5.781
4.532
-2.031
5.782
4.532
5.782
2.657
2.969
-2.031
-2.031
-4.531
-2.343
-4.531
1.719
-2.343
3.907
1.407
3.282
1.719
2.032
-0.156
-0.156
-1.093
-0.468
-2.031
-1.718
-2.656
-1.093
-2.343
-0.156
-1.718
1.407
-0.781
2.657
0.782
3.594
2.344
3.594
2.032
2.032
-1.718
-1.718
-3.281
-1.718
-3.281
-0.781
-2.656
1.407
-1.093
1.407
-0.156
2.344
-0.781
2.969
1.094
3.282
1.094
1.719
-0.156
1.094
-1.093
-0.468
-2.343
-0.156
-2.656
1.719
-2.031
1.407
-2.968
-0.781
-4.531
1.719
-4.531
5.157
1.094
5.469
2.657
2.969
-1.718
0.157
-2.343
0.782
-1.406
0.469
-1.406
0.157
-2.968
-2.656
-3.906
-0.156
-3.593
3.907
-0.156
4.532
3.282
3.907
1.094
1.094
-1.093
-0.781
-1.406
1.094
-0.781
1.094
-0.468
-0.156
-1.406
-1.406
-2.343
-1.093
-2.343
-0.156
-1.093
1.407
-0.781
3.594
1.407
3.907
2.657
2.969
-0.156
0.157
-1.718
-1.718
-2.656
-2.343
-3.593
-2.343
-3.593
0.782
-2.656
3.594
0.782
3.594
2.969
3.907
2.344
2.657
0.157
0.157
-2.656
-2.656
-4.218
-2.656
-4.531
2.032
-3.281
6.094
1.407
5.782
2.344
2.657
-1.406
-1.093
-3.593
-2.031
-3.593
-1.406
-3.281
1.407
-1.718
3.594
0.469
3.907
2.344
2.969
1.407
1.407
-1.718
-1.718
-3.593
-2.968
-4.218
-0.781
-4.218
1.094
-1.718
1.719
0.469
2.969
1.094
3.907
2.657
4.219
2.344
2.344
0.157
0.157
-3.281
-2.968
-6.093
-3.906
-6.093
1.407
-4.218
4.844
1.094
5.469
3.594
4.219
1.094
1.094
-2.031
-1.093
-2.343
-1.718
-2.968
-2.656
-3.593
2.344
-2.968
4.532
2.344
3.907
0.469
0.469
-1.406
-0.781
-1.718
-0.781
-2.968
-1.093
-2.968
2.969
-1.093
5.782
2.657
5.469
2.969
2.969
-2.968
-2.968
-5.468
-1.406
-4.531
0.469
-1.718
0.782
-0.468
0.782
-0.468
1.094
0.469
1.094
-0.156
0.782
-0.156
1.094
-0.156
1.719
0.782
2.032
1.094
1.094
-1.718
-1.718
-3.906
-2.343
-3.281
-0.468
-2.968
3.594
-0.781
4.532
2.969
4.532
2.032
2.032
-1.093
-1.093
-2.656
-0.468
-2.656
1.407
-1.093
1.407
-1.093
-0.156
-2.343
-1.718
-2.968
0.469
-2.343
3.907
0.469
4.219
3.282
3.594
0.469
0.782
-1.093
-0.468
-2.031
-0.781
-1.718
0.469
-1.093
0.157
-1.718
-1.093
-2.031
1.719
-1.093
2.344
1.719
2.344
0.469
0.782
-0.468
-0.468
-1.406
-1.093
-2.031
0.157
-1.406
1.407
-0.156
1.407
-0.468
0.157
-0.781
0.157
-0.781
0.157
-1.406
1.094
-0.468
2.032
1.094
2.032
0.157
1.407
0.469
1.407
-0.468
0.469
-1.718
-1.406
-3.281
-2.343
-3.593
0.157
-2.343
0.469
-0.468
2.969
0.157
4.532
2.969
4.532
2.032
2.344
-2.343
-2.343
-4.531
-2.343
-4.218
-0.781
-2.968
1.719
-0.781
2.969
1.407
3.594
2.969
3.282
1.407
1.719
-1.406
-1.406
-4.843
-4.531
-5.781
-0.781
-5.781
5.782
-0.781
7.032
5.782
6.094
1.407
1.407
-3.281
-2.968
-4.843
-4.218
-5.156
-1.093
-4.531
2.657
-1.406
6.407
2.344
7.344
6.094
6.719
2.969
2.969
-2.656
-2.656
-7.656
-7.656
-8.593
-2.968
-8.281
3.594
-2.968
6.407
3.594
6.094
4.532
4.844
2.969
2.969
-0.781
-0.781
-4.531
-4.531
-5.468
-2.343
-5.156
1.407
-2.343
3.907
1.094
3.907
2.969
3.282
0.782
0.782
-4.843
-4.843
-19.531
1.094
-19.531
5.157
0.782
5.157
-12.343
25.782
-3.281
28.907
4.844
15.157
-22.656
8.282
-8.906
7.344
-7.656
16.719
-14.531
14.844
-2.968
13.907
-23.593
22.969
-3.906
19.844
-18.906
11.407
-17.656
19.532
-6.718
8.594
-26.718
21.407
-26.093
38.594
-11.093
2.032
-22.031
1.719
-41.093
21.407
-32.031
28.282
-15.781
8.907
-8.281
14.844
-23.906
12.032
-13.906
12.657
-14.218
27.657
-5.468
13.907
-23.906
10.782
-27.343
10.157
-12.343
23.907
-16.093
21.719
-9.843
19.532
-16.718
24.219
-13.281
34.844
-20.468
29.532
-23.906
11.407
-12.656
24.844
-21.406
25.782
-27.031
10.782
-26.718
27.032
-14.843
15.469
-18.593
49.532
-1.718
37.657
-6.093
0.782
-26.093
2.657
-38.281
26.094
-8.281
14.844
-18.906
4.844
-22.343
5.157
-22.031
19.219
-28.593
32.657
-25.781
17.032
-9.531
20.469
-7.031
-7.031
-27.031
20.469
-27.656
50.157
-14.531
33.594
-5.781
14.219
-19.531
26.407
-18.593
28.282
-23.906
28.282
-34.531
28.907
-12.031
15.157
-28.906
8.907
-28.281
42.344
-2.656
24.532
-4.843
13.907
-25.468
9.532
-32.968
10.782
-31.406
9.844
-15.156
30.157
-19.531
13.282
-27.656
30.157
-20.781
16.719
-26.406
16.719
-17.656
9.219
-23.281
24.532
-7.656
16.719
-17.656
17.657
-2.343
19.844
-21.718
14.219
-19.843
16.407
-38.593
16.719
-22.031
1.719
-16.718
26.094
-13.281
18.282
-8.906
23.907
-2.343
11.094
-10.468
1.094
-27.656
10.782
-20.468
5.782
-4.843
-1.093
-36.093
6.094
-11.093
26.094
-2.656
32.032
5.782
15.782
-8.906
7.032
-25.781
-1.406
-18.906
19.844
-22.968
16.719
-30.468
27.032
-2.343
17.032
-7.656
11.719
-24.531
5.469
-7.656
6.407
-3.906
7.032
-8.906
8.282
-16.093
8.594
-9.531
20.782
-7.968
5.469
-13.281
15.469
2.032
9.844
-1.718
5.469
-14.843
-3.281
-16.093
14.532
-11.406
15.782
-5.781
3.594
-5.156
3.907
-13.281
15.469
-0.468
7.969
-4.531
-2.031
-8.906
15.782
-7.968
15.782
-20.781
7.969
-9.843
11.407
-12.343
14.532
-1.093
3.594
-12.343
-1.718
-16.718
10.157
-10.781
12.657
-5.468
4.219
-7.343
2.969
-11.406
8.907
-0.468
14.219
-13.593
13.594
-7.656
3.907
-8.906
4.844
-16.406
4.219
-7.031
8.282
-4.218
9.844
-5.781
8.594
-4.531
7.657
-12.656
5.782
-13.593
3.907
-5.781
8.282
-11.406
9.219
-3.281
7.969
-10.468
2.657
-10.468
10.469
-7.968
10.782
2.969
9.219
-2.031
7.969
-0.156
3.907
-10.156
7.969
-5.781
11.094
-5.781
5.782
-5.468
2.032
-7.968
3.282
-4.218
12.969
-2.031
5.469
-7.031
8.282
-1.718
8.907
-5.781
4.532
-12.031
1.719
-7.343
2.969
-6.406
1.407
-8.593
7.657
-6.406
7.657
-0.156
6.407
-3.281
3.907
-5.156
1.407
-11.718
-7.343
-15.781
1.719
-15.156
10.469
-3.281
4.532
-3.593
12.344
2.344
9.844
-6.406
3.907
-8.593
2.969
-9.218
1.094
-5.468
3.282
-5.156
4.219
-4.531
7.344
2.344
12.032
4.844
11.407
-1.718
4.844
-9.218
4.844
-13.281
0.782
-4.531
2.344
-6.406
11.407
-6.093
12.344
-3.593
10.469
-9.531
5.157
-7.343
0.782
-8.906
4.219
-7.031
13.282
-7.343
19.219
-1.718
10.469
-9.531
0.157
-6.406
5.469
-15.781
3.907
-12.031
2.032
-24.531
12.032
-14.218
22.657
-17.343
20.157
-30.156
23.282
-8.593
8.282
-13.593
37.344
-21.406
7.969
-30.468
24.844
-36.093
44.219
-11.093
29.219
-20.156
26.719
-19.843
51.719
-22.031
49.219
-66.406
45.469
-48.906
50.469
-45.781
21.719
-31.718
67.657
-36.718
47.657
-38.281
64.532
-55.781
71.094
-57.656
62.969
-74.843
41.407
-13.593
30.469
-47.656
44.844
-55.781
60.157
-42.656
39.844
-49.218
22.032
-27.031
26.407
-72.656
15.157
-35.468
46.719
-47.343
43.907
-39.843
23.282
-9.843
38.282
-7.031
29.219
-7.031
40.782
-11.718
20.469
-41.093
38.282
-23.593
67.657
-35.468
34.219
-21.406
22.032
-36.406
28.282
-36.093
10.157
-32.343
21.407
-55.781
33.907
-54.843
37.032
-18.281
38.282
-42.656
24.844
-43.593
42.032
-20.156
12.344
-0.781
31.719
-16.406
26.719
-44.218
21.407
-27.968
16.407
-19.531
31.719
-21.093
21.719
-11.406
37.344
-17.968
20.469
-20.156
25.157
-21.093
11.719
-32.031
24.532
-42.968
24.532
-24.531
19.219
-18.906
5.157
-23.906
31.094
-16.406
20.782
-14.843
26.407
-15.781
14.219
-9.218
11.407
3.594
26.719
-18.593
23.282
-22.656
16.719
-17.656
7.344
-10.468
10.157
-14.218
21.407
-9.218
17.032
-11.718
21.407
-23.906
21.094
-28.906
13.594
-8.281
12.657
-27.343
22.344
-27.968
22.969
-28.593
12.344
-14.531
14.532
-11.718
14.219
-11.406
9.844
-27.031
16.719
-15.156
2.032
-7.968
9.532
-7.968
17.032
-6.093
8.594
-5.781
24.532
-1.718
20.782
-4.218
11.094
-14.843
5.157
-16.093
2.032
-16.093
7.344
-14.218
-1.093
-18.593
17.032
-18.593
22.657
-11.406
22.344
-2.968
2.657
-19.843
1.407
-25.781
1.719
-12.343
0.469
-6.718
6.094
-11.093
8.282
-9.218
12.032
-3.593
6.719
-0.781
1.094
-13.906
2.344
-18.906
4.219
-12.656
10.157
-12.656
7.657
-11.406
9.844
-2.656
11.719
-7.656
11.094
-6.093
10.469
0.157
4.532
-4.531
9.844
-4.531
12.032
3.594
9.532
1.719
15.782
4.844
7.344
2.657
7.032
-5.781
4.532
-5.781
7.344
-4.843
14.219
4.532
13.594
3.282
12.344
-1.406
11.407
-1.718
7.032
1.094
11.094
1.094
5.157
-6.406
6.094
-1.406
6.407
-2.343
2.657
-8.593
-1.718
-10.781
-1.718
-12.031
-5.156
-19.218
0.157
-6.718
6.094
-4.843
2.969
-13.593
-7.343
-13.593
-0.156
-12.656
0.157
-12.031
-2.343
-18.281
-8.281
-17.968
7.344
-14.843
-0.156
-14.531
-1.093
-13.281
-2.031
-9.843
-0.156
-11.093
1.719
-12.656
5.157
-4.843
7.032
-0.781
5.782
-1.718
4.532
-7.656
4.844
-7.343
4.844
-2.656
12.032
4.532
9.844
5.157
17.032
4.844
13.594
7.657
16.407
9.532
16.719
4.532
16.407
2.657
13.282
0.782
12.969
4.219
11.094
2.969
11.094
3.282
5.157
-0.781
5.157
1.094
3.907
2.032
13.594
2.969
11.407
-4.843
1.719
-6.718
3.282
-12.968
0.782
-12.656
-0.156
-12.656
-9.843
-15.156
-10.468
-14.843
-4.218
-18.906
-4.218
-12.968
-10.468
-13.281
-10.156
-15.156
-8.906
-15.156
-5.156
-10.156
-2.031
-10.781
-2.343
-13.906
-0.468
-8.281
4.844
-7.343
2.032
-8.906
10.157
0.469
10.157
2.344
8.282
-0.156
8.282
1.719
17.032
7.969
18.282
5.782
20.157
13.907
17.344
7.657
18.907
8.907
13.907
3.594
9.532
2.969
9.844
2.657
17.969
8.282
14.844
9.844
10.782
-1.093
3.282
-1.718
0.782
-6.406
-0.156
-6.093
-6.093
-11.093
-3.906
-11.718
-4.218
-17.656
-8.906
-17.343
-9.218
-18.593
-10.781
-21.093
-6.093
-17.031
-4.531
-7.343
1.094
-6.093
-3.281
-17.968
-8.906
-17.031
-4.843
-10.156
-4.843
-8.906
5.157
-5.781
10.469
-1.093
10.469
5.782
12.969
4.532
10.469
4.219
12.969
5.469
10.157
3.282
10.157
0.157
13.282
1.407
13.907
3.282
9.219
3.282
12.032
5.469
10.469
7.657
11.407
2.657
7.969
3.282
9.532
3.282
3.282
-5.781
-1.406
-8.593
0.157
-5.781
2.657
-6.406
0.157
-9.218
-5.781
-8.281
-5.781
-8.281
-4.843
-9.843
-6.093
-10.781
-0.468
-8.593
1.719
-9.218
-9.218
-12.343
0.157
-11.718
-0.781
-7.031
2.969
-8.281
3.907
-2.968
2.969
-2.968
3.282
-0.781
6.407
-1.406
7.032
1.407
3.907
0.157
7.969
-0.781
7.657
2.344
4.532
-1.406
7.344
1.407
7.657
-1.093
9.219
5.157
9.844
5.782
7.344
-5.781
-4.531
-8.593
7.344
-5.156
8.282
2.657
5.469
1.719
7.657
4.532
11.094
0.782
5.782
-7.343
-2.968
-8.281
-2.031
-8.281
-1.093
-5.156
3.594
-2.343
-2.343
-6.718
2.344
-5.781
0.469
-1.718
1.719
-2.968
5.782
-4.218
-2.656
-9.218
-8.281
-15.468
-4.218
-10.468
1.094
-4.218
4.219
-3.281
6.407
2.657
2.969
-5.468
6.719
-3.906
8.282
-2.343
-2.343
-7.031
-1.093
-7.031
0.782
-3.281
4.844
-2.656
6.719
2.969
6.719
2.344
11.407
2.969
10.469
3.282
5.157
-2.031
-0.468
-5.468
-1.093
-5.468
-0.468
-6.093
1.094
-1.718
5.469
-0.468
6.719
2.032
7.969
2.657
4.844
-3.593
-3.593
-10.781
-0.781
-11.718
7.344
-0.781
7.657
5.157
7.969
1.719
2.032
-3.593
-3.281
-11.406
-5.781
-10.156
-3.593
-9.218
1.407
-9.218
3.594
-0.156
9.219
2.969
11.719
8.907
9.219
1.407
5.157
-4.218
-2.343
-7.343
-4.218
-12.656
-7.031
-12.031
0.469
-9.843
4.844
-2.343
7.657
3.282
10.469
3.907
10.157
-1.406
-0.156
-2.968
-2.031
-5.156
-1.718
-5.156
7.032
-2.656
7.657
4.844
4.844
-1.406
2.032
-1.406
2.344
1.407
2.344
-0.468
0.469
-2.343
2.344
-0.468
4.219
-0.781
4.532
1.407
7.344
2.032
3.907
-1.093
3.594
-0.156
0.157
-3.593
-0.156
-4.218
-0.781
-6.718
0.782
-2.343
0.782
-1.718
2.969
-2.968
-1.718
-6.406
-3.281
-6.406
0.469
-4.531
-3.593
-6.406
-3.906
-7.968
-5.781
-8.593
3.282
-6.093
6.407
1.719
4.219
-0.156
3.907
-2.968
9.219
2.344
10.782
6.407
7.969
3.907
7.657
1.719
2.344
-1.406
-0.781
-3.906
0.157
-3.906
5.782
-1.093
6.719
4.219
6.719
3.282
5.157
-4.531
-3.593
-9.531
-9.531
-13.281
-5.468
-10.156
-3.593
-6.718
-0.468
-4.531
2.032
-0.781
5.469
1.407
4.219
0.157
0.157
-4.218
0.469
-3.281
5.157
-0.468
4.219
1.719
2.657
-1.718
2.969
1.407
1.407
-2.968
-2.968
-6.406
-2.343
-6.093
2.969
-2.343
7.657
2.969
8.594
6.407
8.282
4.532
7.657
4.532
5.157
-2.968
-2.968
-10.156
-4.531
-10.468
0.469
-4.843
6.094
-1.093
4.532
-0.468
2.344
-0.781
6.094
0.782
3.907
-8.906
-8.593
-12.031
-7.968
-10.468
-9.531
-11.718
-4.218
-10.781
1.719
-4.218
8.594
1.719
13.594
8.594
12.969
6.719
6.719
-0.156
2.344
-3.906
0.157
-4.218
7.344
-0.781
9.532
7.032
10.157
5.782
8.594
1.719
2.032
-6.406
-6.406
-10.156
-5.781
-11.093
-2.968
-6.093
-0.781
-4.531
2.969
-0.781
4.844
-0.781
-0.781
-7.343
-3.593
-7.031
2.032
-3.593
-0.156
-2.031
0.469
-1.718
0.782
-1.093
2.344
-1.093
3.907
1.094
2.657
0.157
0.469
-0.468
1.094
-1.718
3.594
-1.718
5.469
1.719
6.407
4.219
5.782
-0.156
-0.156
-2.343
-0.781
-2.968
-1.093
-2.968
-0.468
-2.968
-0.468
-2.656
3.594
-0.468
4.532
2.969
3.907
0.782
1.407
-5.781
-3.906
-7.031
0.469
-4.531
2.344
0.469
2.344
-0.468
-0.468
-2.968
0.157
-2.656
0.782
-0.781
-0.156
-2.656
-2.031
-3.593
0.469
-2.031
4.219
0.157
3.907
2.032
4.844
2.344
3.594
1.407
2.657
-1.406
-0.468
-1.718
3.282
-0.781
3.594
2.344
2.969
-1.718
-1.718
-7.968
-7.968
-10.156
-0.468
-8.281
3.907
-0.468
3.282
1.094
1.407
-1.406
-0.156
-2.343
2.657
-0.781
2.969
-1.406
1.094
-2.031
1.719
-2.656
-1.718
-3.593
2.969
-2.031
7.657
2.657
7.969
5.157
6.407
4.844
7.032
3.594
3.907
-3.281
-2.656
-5.468
-3.593
-7.031
-2.031
-5.468
1.094
-3.281
0.782
-0.781
0.157
-2.343
-0.468
-3.281
0.469
-2.343
1.719
0.469
2.032
0.469
1.407
-4.531
-0.781
-3.906
-0.156
-1.718
0.469
-0.468
0.157
-1.093
0.782
-0.781
3.282
0.157
5.782
2.032
6.407
4.844
5.782
1.719
1.719
0.157
0.782
-2.968
-0.781
-3.281
1.094
-2.656
0.782
-3.593
-0.156
-3.593
0.782
-3.593
1.094
-2.656
-1.406
-6.093
-2.656
-6.093
1.407
-3.906
5.469
0.782
5.157
0.782
1.407
-1.093
0.782
-1.093
0.469
-2.656
-1.718
-2.968
-0.781
-2.656
4.219
-0.781
8.594
3.282
8.594
7.344
7.657
1.094
1.094
-1.718
1.719
-0.781
1.719
0.469
1.719
-2.031
-1.406
-5.781
-4.218
-6.406
-2.968
-5.468
-3.281
-7.343
-5.468
-8.593
-2.968
-5.781
0.469
-3.906
3.594
-0.156
3.907
1.094
1.719
0.157
1.407
-2.031
-0.781
-2.656
1.719
-2.968
3.594
1.407
6.719
3.282
7.657
6.094
6.719
5.782
6.094
3.907
4.219
2.032
4.532
2.344
2.969
0.782
0.782
-1.406
-1.093
-4.531
-4.531
-7.343
-6.718
-8.593
-2.031
-7.343
1.719
-2.031
2.657
-0.156
-0.156
-2.968
-2.031
-3.281
-2.031
-2.968
-0.156
-3.281
-0.156
-2.343
-1.093
-4.218
-0.468
-3.593
2.344
-2.656
4.219
2.032
4.532
2.344
4.844
2.969
4.844
2.657
3.282
0.157
1.094
-0.468
1.094
-0.781
0.782
-2.968
-1.406
-2.968
2.344
-2.968
3.594
1.719
4.219
2.344
2.344
-0.156
2.032
-0.781
0.782
-0.468
-0.156
-2.656
-2.656
-5.781
-2.968
-6.093
-0.156
-3.593
4.532
-0.156
4.532
2.344
2.344
-0.468
-0.156
-1.093
1.094
-0.468
1.094
-0.156
2.657
1.094
2.969
0.782
0.782
-3.906
-3.281
-4.531
-2.343
-3.906
-0.781
-2.968
0.469
-0.781
1.094
-0.156
0.782
-0.781
2.657
0.469
4.844
2.657
4.532
2.969
2.969
-2.343
-2.343
-6.718
-3.593
-6.406
-2.031
-3.906
2.657
-2.656
5.157
2.344
5.782
3.907
3.907
0.469
0.469
-2.031
-2.031
-3.906
-1.406
-2.968
-0.156
-1.406
-0.156
-1.406
0.469
-1.718
2.344
0.157
3.282
0.782
2.032
0.469
2.344
1.094
5.469
2.344
5.469
4.844
5.157
1.719
1.719
-5.468
-5.156
-9.218
-6.718
-8.906
-1.093
-6.718
2.657
-1.093
4.532
2.344
5.782
3.282
3.594
-0.468
-0.468
-5.156
-3.593
-5.781
-0.468
-4.843
1.094
-0.781
0.782
-0.781
0.782
-1.093
1.407
-0.156
1.719
-0.781
0.469
-0.781
0.469
-0.468
1.407
-0.156
1.407
-0.156
-0.156
-2.343
-1.093
-2.656
3.594
-1.718
6.094
2.969
5.157
2.032
2.032
-2.656
-2.656
-4.531
-2.343
-4.531
3.907
-2.656
8.907
3.594
9.532
7.657
8.594
2.657
3.907
-4.531
-3.593
-6.093
-2.031
-5.156
0.469
-2.031
1.719
-1.718
1.094
-1.718
-1.406
-4.531
-2.031
-3.906
-2.031
-3.593
1.094
-3.906
1.094
-2.031
-2.031
-4.218
-2.968
-4.843
-2.968
-4.843
1.094
-3.281
4.219
1.094
4.532
2.657
3.594
-1.093
0.469
-2.031
3.282
-0.468
4.219
1.407
5.469
3.282
5.782
3.594
5.469
4.219
4.844
2.657
4.219
1.407
2.032
-1.718
-1.406
-4.218
-2.968
-5.156
2.657
-2.968
5.157
2.344
4.532
-0.468
0.157
-4.531
-2.968
-7.968
-6.406
-10.156
-6.718
-10.156
0.157
-7.656
6.719
0.157
7.969
5.782
5.782
1.094
1.094
-4.843
-4.843
-7.968
-3.593
-8.593
2.969
-3.593
6.719
2.969
7.969
6.719
6.719
4.844
5.157
1.719
1.719
-2.343
-1.718
-3.906
-3.281
-4.531
-2.343
-4.218
2.969
-2.343
5.157
2.969
5.782
4.219
4.219
1.094
1.094
-1.093
-0.156
-1.406
-1.093
-2.968
-2.031
-3.281
-0.156
-2.343
1.407
-0.468
2.657
1.407
5.157
2.032
5.157
2.657
2.657
-4.218
-4.218
-6.718
-3.281
-6.406
1.094
-3.281
2.032
-0.156
2.969
1.407
2.032
-3.281
-2.656
-6.093
-3.281
-6.718
-1.718
-3.593
-0.156
-2.656
2.344
-0.468
2.344
0.157
2.969
0.157
4.844
1.719
4.844
1.407
1.407
-2.343
-1.718
-2.968
0.469
-3.281
4.219
-0.781
7.344
3.907
7.032
4.844
7.032
4.844
5.157
1.719
1.719
-2.031
-0.781
-3.593
-1.718
-3.906
-0.781
-2.343
-0.468
-2.031
-1.406
-3.906
-2.656
-4.531
-2.031
-3.906
-0.781
-3.906
1.407
-2.968
1.719
-1.406
1.094
-4.531
-3.906
-6.406
-2.656
-6.718
0.469
-2.656
2.032
-0.781
4.219
1.719
9.219
2.969
10.782
7.657
10.157
2.344
3.594
-5.156
-3.906
-7.343
-2.343
-6.718
1.094
-3.593
6.407
0.469
8.594
5.469
7.657
3.282
3.594
-0.781
0.157
-4.843
-3.906
-6.093
-1.406
-4.218
0.157
-2.031
0.469
-1.406
0.157
-1.406
-0.781
-1.718
0.157
-1.093
0.469
-4.531
-4.531
-7.031
-3.281
-6.718
2.657
-3.281
6.407
2.657
6.407
5.157
6.719
4.219
4.219
-3.281
-3.281
-8.593
-7.343
-9.531
1.094
-7.656
6.407
0.782
8.282
4.844
7.969
6.094
7.344
2.657
3.907
-3.281
-2.343
-8.593
-5.468
-8.593
-0.468
-6.406
3.907
-0.468
5.157
3.907
4.219
2.032
2.032
-2.343
0.157
-2.343
2.969
-0.156
2.657
1.407
2.344
0.157
0.157
-2.968
-1.406
-2.968
-0.156
-1.718
-0.781
-2.031
-1.406
-3.593
-2.968
-5.468
-3.281
-5.468
-0.156
-4.218
4.532
-0.468
7.344
4.532
7.344
4.532
4.532
1.094
1.094
-1.718
-1.718
-3.906
-3.593
-4.843
-1.406
-3.906
2.657
-1.406
3.282
2.344
4.219
2.969
2.969
2.344
2.344
0.157
0.782
-0.468
-0.156
-2.031
-2.031
-3.906
-3.906
-5.468
-0.781
-5.468
2.657
-0.781
5.157
2.657
4.844
2.344
2.657
-1.406
-1.093
-2.968
-2.343
-3.906
0.469
-3.593
3.594
0.157
4.532
3.594
3.594
0.157
0.469
-1.093
-1.093
-2.968
-2.656
-3.906
-1.406
-3.281
0.157
-2.968
2.344
-0.468
5.469
2.344
5.469
1.094
1.094
-4.218
-4.218
-6.406
-2.343
-6.406
2.657
-2.656
5.782
2.657
6.094
4.219
4.844
2.969
2.969
0.469
1.094
-0.468
-0.156
-2.656
-2.031
-3.281
-0.156
-3.593
1.719
-0.781
1.407
0.469
0.469
-2.343
-2.031
-3.281
-1.093
-2.968
1.094
-1.406
3.907
0.469
3.907
2.344
2.969
-0.781
-0.156
-2.968
-0.156
-3.906
0.157
-2.968
0.469
-2.968
-0.156
-3.593
1.719
-2.656
4.532
0.782
4.219
-0.156
0.469
-2.656
-1.718
-4.218
-2.656
-4.218
-1.406
-3.593
3.907
-2.343
7.032
2.657
7.657
4.219
6.407
1.407
1.719
-0.156
2.344
0.469
2.657
1.407
2.969
0.782
0.782
-3.906
-3.906
-6.093
-3.593
-6.406
1.094
-3.593
1.407
0.782
1.719
0.782
1.407
0.469
1.719
0.469
0.469
-2.968
-2.031
-3.281
-0.156
-2.031
0.469
-1.093
-1.093
-3.593
-2.656
-3.906
-2.031
-2.968
0.469
-2.031
1.094
0.157
4.219
0.782
6.719
4.219
6.719
3.907
3.907
-1.093
-0.781
-2.343
0.469
-1.718
2.032
-0.156
2.657
1.719
2.657
1.719
3.594
1.719
3.594
2.657
3.282
2.032
2.657
-1.718
-1.718
-8.593
-8.593
-10.468
-6.406
-9.843
-0.781
-6.406
2.032
-0.781
2.032
0.469
1.094
-0.156
0.782
0.157
1.719
0.469
2.344
1.407
2.032
-1.093
-0.156
-3.281
-0.781
-3.281
2.969
-1.093
5.469
2.657
5.157
3.282
3.594
1.407
1.719
0.469
1.719
0.157
1.719
0.157
2.032
1.094
1.407
-1.093
-0.781
-2.031
-1.406
-3.281
-1.406
-3.906
-2.968
-4.218
-2.656
-3.906
-2.656
-3.906
-0.156
-3.906
4.844
-0.156
6.407
3.907
5.782
3.282
3.282
-0.781
-0.468
-3.593
-3.281
-5.156
-4.218
-5.781
-0.468
-4.531
4.844
-0.468
7.657
4.844
7.344
4.219
4.532
-1.406
-1.406
-4.218
-1.406
-4.531
0.782
-2.343
3.282
0.157
2.969
0.157
0.469
-1.718
-1.093
-3.593
-1.718
-3.906
1.094
-2.031
2.969
0.782
3.282
2.344
2.657
1.094
2.032
0.157
0.157
-2.343
-2.031
-4.843
-3.281
-5.468
-0.468
-3.906
2.969
-1.093
3.907
2.032
3.907
2.344
2.969
1.094
1.407
-1.093
-0.468
-2.343
-2.343
-3.281
-0.156
-2.968
2.969
-0.156
4.219
2.344
2.344
-2.656
-2.656
-7.343
-3.906
-7.656
1.094
-3.906
4.532
1.094
4.532
2.657
2.969
1.719
3.594
2.032
2.657
1.719
2.344
1.719
2.969
1.407
2.969
0.469
0.469
-2.343
-2.031
-2.968
0.469
-2.656
2.032
0.157
2.344
0.782
1.094
-1.718
-1.406
-3.593
-2.656
-3.906
-3.593
-4.843
-2.343
-3.906
-2.031
-3.281
0.157
-2.343
4.219
0.157
5.157
3.907
5.157
1.407
1.719
-2.343
-2.031
-3.281
-1.406
-2.968
0.782
-1.718
3.594
0.469
5.157
3.594
5.782
4.532
4.844
0.782
0.782
-2.656
-2.656
-4.218
0.157
-3.593
1.719
0.157
1.719
-0.468
-0.156
-2.656
-1.093
-3.281
0.782
-1.406
0.782
-1.093
-0.156
-1.406
0.157
-1.093
-0.468
-1.718
0.157
-2.031
0.782
-0.468
1.094
-0.156
0.469
-0.781
0.157
-1.718
0.782
-1.718
2.969
0.782
5.157
2.032
5.157
0.782
2.657
-0.781
-0.468
-2.968
-2.031
-3.281
-2.031
-3.593
-0.156
-2.343
2.344
-0.781
3.594
2.032
4.844
2.969
5.157
2.344
2.344
-2.343
-2.343
-5.781
-4.531
-5.781
-2.031
-4.843
1.407
-2.031
2.032
0.157
1.407
-1.718
-0.156
-2.031
0.469
-1.093
1.719
0.469
1.407
-1.093
-0.468
-2.656
1.094
-2.656
2.657
-0.468
3.907
1.094
2.969
-0.468
0.782
-0.468
3.594
-0.781
5.782
2.657
6.719
2.032
3.594
-1.406
-1.093
-2.656
-0.781
-2.968
-2.031
-3.593
-2.343
-5.468
-4.843
-7.031
-2.968
-6.718
2.657
-3.593
8.594
2.344
8.907
5.157
6.094
-3.593
-2.656
-7.031
-4.218
-7.343
1.094
-4.531
3.907
1.094
4.219
2.032
5.157
3.282
4.844
2.657
2.969
-1.406
-1.406
-5.781
-2.656
-6.093
0.782
-3.281
4.844
0.469
5.157
3.907
4.532
2.032
2.032
-3.593
-2.343
-4.843
-2.031
-4.218
0.157
-2.343
1.719
-0.781
5.157
0.782
6.407
4.219
5.469
1.094
2.032
-2.031
-1.093
-6.406
-6.406
-10.156
-5.781
-10.156
1.719
-6.093
7.969
1.407
9.219
7.032
8.907
3.907
4.219
-2.031
-1.406
-7.343
-6.093
-7.968
-2.343
-6.406
-0.156
-3.593
3.594
-0.156
5.782
3.282
6.094
4.844
4.844
1.094
1.407
-1.406
-0.781
-2.656
-2.343
-3.593
-1.093
-3.281
2.032
-1.093
4.532
2.032
4.844
2.344
2.344
-3.281
-2.968
-6.093
-3.593
-6.093
2.032
-3.593
5.157
1.719
6.407
5.157
5.782
3.282
3.282
0.782
1.407
-1.718
-1.718
-6.718
-5.468
-8.906
-3.593
-8.281
0.782
-3.906
4.532
0.469
6.094
4.219
5.782
2.657
2.657
-0.468
-0.468
-4.843
-4.218
-5.781
-0.156
-4.531
2.657
-0.156
3.282
1.407
3.594
1.094
4.219
2.032
3.594
1.719
2.657
-1.093
-0.156
-2.968
-2.656
-4.843
-2.968
-5.156
-0.156
-4.531
4.219
-0.781
5.157
3.907
3.907
0.469
1.407
-0.468
0.782
-2.343
-1.406
-4.531
-3.593
-4.843
-0.781
-4.218
4.219
-1.406
7.032
4.219
6.407
5.157
5.157
0.157
0.469
-3.593
-3.281
-7.031
-5.468
-6.718
-0.156
-5.781
5.782
-0.156
7.657
5.782
6.719
1.407
1.407
-2.031
-1.406
-3.906
-2.343
-4.218
0.469
-4.218
3.282
0.157
3.594
2.032
2.344
-0.781
-0.468
-3.281
-2.968
-4.531
-1.718
-4.218
0.782
-2.656
2.657
0.157
2.969
1.719
4.219
2.657
3.907
1.094
1.094
-2.968
-2.343
-5.468
-4.218
-5.781
-0.156
-4.531
5.782
-0.156
9.532
5.157
9.532
6.407
6.719
-0.156
-0.156
-5.468
-5.468
-8.281
-5.781
-8.281
-1.718
-6.406
3.282
-1.718
5.469
2.969
5.782
4.844
4.844
-0.156
0.157
-4.218
-4.218
-6.406
-3.906
-6.406
0.782
-3.906
4.844
0.782
5.469
4.532
4.532
1.719
1.719
-0.781
-0.468
-3.281
-2.031
-3.281
-0.468
-2.031
4.219
-0.468
6.407
4.219
5.782
2.969
2.969
-1.406
-1.406
-5.156
-4.843
-6.406
-3.281
-6.093
0.469
-3.593
3.282
0.469
3.907
3.282
4.219
2.344
2.344
0.157
0.469
-2.031
-1.718
-2.343
-0.156
-1.718
0.157
-1.093
-0.156
-2.031
-0.468
-2.031
1.407
-0.468
1.094
-1.093
-0.781
-2.656
0.157
-2.343
3.282
0.157
4.219
3.282
3.594
